# Defaults for StandardModel_SLHA2 parameters.
# These are ALL FIXED
# To vary, say, mTop, or just use different fixed values, you should create a
# new version of this file.

###
# import this file into a Parameters node named:
# StandardModel_SLHA2:

# SLHA1
alphainv:  1.27940010E+02 # alpha^{-1}(mZ)^MSbar *
GF      :  1.16637870E-05 # G_Fermi **
alphaS  :  1.19300000E-01 # alpha_s(mZ)^MSbar *
mZ      :  9.11880000E+01 # mZ(pole) *   
mBmB    :  4.19900000E+00 # mb(mb)^MSbar *
mT      :  1.73240000E+02 # mtop(pole) *
mTau    :  1.77682000E+00 # mtau(pole) ยง
mNu3    :               0 # mnu3(pole)
# SLHA2
mE      :  5.10998928E-04 # melectron(pole) ยง **
mNu1    :               0 # mnu1(pole)
mMu     :  1.05658372E-01 # mmuon(pole) ยง
mNu2    :               0 # mnu2(pole)
mD      :  4.80000000E-03 # md(2 GeV)^MSbar @
mU      :  2.30000000E-03 # mu(2 GeV)^MSbar @
mS      :  9.50000000E-02 # ms(2 GeV)^MSbar @
mCmC    :  1.27400000E+00 # mc(mc)^MSbar *
# CKM
lambda  :  0.22537
A       :  0.814
rhobar  :  0.117
etabar  :  0.353
# PMNS
theta12 :  0.58376
theta23 :  0.76958
theta13 :  0.15495
delta13 :  0
alpha1  :  0
alpha2  :  0
 
