# mH (GeV) 	H → bb 	H → ττ 	H → μμ 	H → ss 	H → cc 	H → tt   H → gg 	H → γγ 	H → Zγ 	H → WW 	H → ZZ 	Total ΓH (GeV)
# Computed with HDECAY 6.51, using the input file hdecay.in.lightSM.
#
# PS 2016-09-25
#
 1.00000      0.000      0.000     0.2024E-01 0.2329      0.000      0.000      0.7468     0.1605E-05  0.000     0.8193E-13 0.3942E-13 0.3410E-06
 1.25000      0.000      0.000     0.2532E-01 0.2198      0.000      0.000      0.7549     0.2634E-05  0.000     0.3823E-12 0.1633E-12 0.3485E-06
 1.50000      0.000      0.000     0.2779E-01 0.1657      0.000      0.000      0.8065     0.3584E-05  0.000     0.1238E-11 0.4927E-12 0.3856E-06
 1.75000      0.000      0.000     0.2736E-01 0.1414      0.000      0.000      0.8312     0.4114E-05  0.000     0.3053E-11 0.1161E-11 0.4600E-06
 2.00000      0.000      0.000     0.2624E-01 0.1212      0.000      0.000      0.8525     0.4268E-05  0.000     0.6499E-11 0.2397E-11 0.5503E-06
 2.25000      0.000      0.000     0.2475E-01 0.1044      0.000      0.000      0.8709     0.3928E-05  0.000     0.1240E-10 0.4474E-11 0.6580E-06
 2.50000      0.000      0.000     0.2304E-01 0.9001E-01  0.000      0.000      0.8869     0.2965E-05  0.000     0.2168E-10 0.7704E-11 0.7867E-06
 2.75000      0.000      0.000     0.2110E-01 0.7723E-01  0.000      0.000      0.9017     0.1242E-05  0.000     0.3514E-10 0.1234E-10 0.9461E-06
 3.00000      0.000      0.000     0.9908E-02 0.3428E-01 0.4651      0.000      0.4907     0.5990E-06  0.000     0.2779E-10 0.9670E-11 0.2200E-05
 3.25000      0.000      0.000     0.5222E-02 0.1719E-01 0.6910      0.000      0.2865     0.2278E-05  0.000     0.2367E-10 0.8178E-11 0.4523E-05
 3.50000      0.000      0.000     0.3913E-02 0.1233E-01 0.7558      0.000      0.2280     0.3548E-05  0.000     0.2766E-10 0.9502E-11 0.6503E-05
 3.75000      0.000     0.3160E-01 0.3241E-02 0.9817E-02 0.7591      0.000      0.1962     0.4934E-05  0.000     0.3466E-10 0.1185E-10 0.8414E-05
 4.00000      0.000     0.8037E-01 0.2808E-02 0.8208E-02 0.7339      0.000      0.1747     0.6722E-05  0.000     0.4424E-10 0.1507E-10 0.1036E-04
 4.25000      0.000     0.1230     0.2533E-02 0.7167E-02 0.7064      0.000      0.1609     0.8631E-05  0.000     0.5741E-10 0.1949E-10 0.1220E-04
 4.50000      0.000     0.1590     0.2347E-02 0.6447E-02 0.6804      0.000      0.1518     0.1062E-04  0.000     0.7498E-10 0.2539E-10 0.1394E-04
 4.75000      0.000     0.1895     0.2215E-02 0.5921E-02 0.6566      0.000      0.1457     0.1268E-04  0.000     0.9792E-10 0.3308E-10 0.1559E-04
 5.00000      0.000     0.2151     0.2114E-02 0.5526E-02 0.6349      0.000      0.1424     0.1479E-04  0.000     0.1271E-09 0.4287E-10 0.1720E-04
 5.25000      0.000     0.2373     0.2038E-02 0.5209E-02 0.6152      0.000      0.1403     0.1696E-04  0.000     0.1643E-09 0.5531E-10 0.1873E-04
 5.50000      0.000     0.2565     0.1979E-02 0.4951E-02 0.5973      0.000      0.1392     0.1918E-04  0.000     0.2110E-09 0.7091E-10 0.2021E-04
 5.75000      0.000     0.2733     0.1931E-02 0.4737E-02 0.5810      0.000      0.1390     0.2146E-04  0.000     0.2689E-09 0.9026E-10 0.2165E-04
 6.00000      0.000     0.2880     0.1892E-02 0.4555E-02 0.5660      0.000      0.1395     0.2378E-04  0.000     0.3402E-09 0.1141E-09 0.2305E-04
 6.25000      0.000     0.3010     0.1859E-02 0.4399E-02 0.5522      0.000      0.1405     0.2615E-04  0.000     0.4273E-09 0.1431E-09 0.2443E-04
 6.50000      0.000     0.3125     0.1831E-02 0.4261E-02 0.5393      0.000      0.1421     0.2855E-04  0.000     0.5328E-09 0.1783E-09 0.2579E-04
 6.75000      0.000     0.3226     0.1807E-02 0.4139E-02 0.5274      0.000      0.1440     0.3099E-04  0.000     0.6597E-09 0.2205E-09 0.2714E-04
 7.00000      0.000     0.3316     0.1785E-02 0.4029E-02 0.5161      0.000      0.1464     0.3345E-04  0.000     0.8112E-09 0.2710E-09 0.2848E-04
 7.25000      0.000     0.3395     0.1766E-02 0.3929E-02 0.5056      0.000      0.1492     0.3593E-04  0.000     0.9910E-09 0.3308E-09 0.2981E-04
 7.50000      0.000     0.3465     0.1749E-02 0.3837E-02 0.4955      0.000      0.1524     0.3841E-04  0.000     0.1203E-08 0.4013E-09 0.3115E-04
 7.75000      0.000     0.3526     0.1732E-02 0.3752E-02 0.4859      0.000      0.1559     0.4089E-04  0.000     0.1452E-08 0.4840E-09 0.3248E-04
 8.00000      0.000     0.3580     0.1717E-02 0.3672E-02 0.4767      0.000      0.1598     0.4337E-04  0.000     0.1741E-08 0.5802E-09 0.3383E-04
 8.25000      0.000     0.3626     0.1702E-02 0.3597E-02 0.4679      0.000      0.1642     0.4581E-04  0.000     0.2077E-08 0.6918E-09 0.3519E-04
 8.50000      0.000     0.3665     0.1687E-02 0.3525E-02 0.4592      0.000      0.1691     0.4819E-04  0.000     0.2464E-08 0.8203E-09 0.3657E-04
 8.75000      0.000     0.3696     0.1672E-02 0.3455E-02 0.4507      0.000      0.1745     0.5043E-04  0.000     0.2908E-08 0.9675E-09 0.3798E-04
 9.00000      0.000     0.3721     0.1656E-02 0.3387E-02 0.4423      0.000      0.1806     0.5269E-04  0.000     0.3413E-08 0.1135E-08 0.3943E-04
 9.25000      0.000     0.3737     0.1639E-02 0.3319E-02 0.4337      0.000      0.1876     0.5468E-04  0.000     0.3984E-08 0.1325E-08 0.4093E-04
 9.50000      0.000     0.3743     0.1620E-02 0.3248E-02 0.4248      0.000      0.1960     0.5632E-04  0.000     0.4624E-08 0.1537E-08 0.4252E-04
 9.75000     0.6662E-01 0.3481     0.1489E-02 0.2956E-02 0.3868      0.000      0.1940     0.5326E-04  0.000     0.4968E-08 0.1651E-08 0.4749E-04
 10.0000     0.3168     0.2530     0.1070E-02 0.2105E-02 0.2756      0.000      0.1513     0.3995E-04  0.000     0.4159E-08 0.1381E-08 0.6775E-04
 10.2500     0.4641     0.1976     0.8271E-03 0.1613E-02 0.2112      0.000      0.1247     0.3255E-04  0.000     0.3730E-08 0.1239E-08 0.8984E-04
 10.5000     0.5557     0.1634     0.6776E-03 0.1310E-02 0.1716      0.000      0.1073     0.2822E-04  0.000     0.3534E-08 0.1173E-08 0.1123E-03
 10.7500     0.6169     0.1408     0.5788E-03 0.1110E-02 0.1454      0.000      0.9527E-01 0.2556E-04  0.000     0.3478E-08 0.1154E-08 0.1346E-03
 11.0000     0.6602     0.1250     0.5096E-03 0.9691E-03 0.1270      0.000      0.8638E-01 0.2387E-04  0.000     0.3517E-08 0.1167E-08 0.1564E-03
 11.2500     0.6922     0.1134     0.4590E-03 0.8661E-03 0.1135      0.000      0.7955E-01 0.2279E-04  0.000     0.3628E-08 0.1203E-08 0.1776E-03
 11.5000     0.7168     0.1047     0.4207E-03 0.7878E-03 0.1032      0.000      0.7410E-01 0.2213E-04  0.000     0.3796E-08 0.1259E-08 0.1980E-03
 11.7500     0.7361     0.9790E-01 0.3909E-03 0.7266E-03 0.9522E-01  0.000      0.6964E-01 0.2175E-04  0.000     0.4016E-08 0.1331E-08 0.2177E-03
 12.0000     0.7517     0.9253E-01 0.3672E-03 0.6776E-03 0.8880E-01  0.000      0.6588E-01 0.2158E-04  0.000     0.4283E-08 0.1419E-08 0.2367E-03
 12.2500     0.7646     0.8820E-01 0.3480E-03 0.6377E-03 0.8357E-01  0.000      0.6267E-01 0.2157E-04  0.000     0.4597E-08 0.1523E-08 0.2549E-03
 12.5000     0.7753     0.8465E-01 0.3322E-03 0.6047E-03 0.7923E-01  0.000      0.5987E-01 0.2169E-04  0.000     0.4957E-08 0.1642E-08 0.2724E-03
 12.7500     0.7844     0.8172E-01 0.3191E-03 0.5770E-03 0.7559E-01  0.000      0.5740E-01 0.2190E-04  0.000     0.5366E-08 0.1777E-08 0.2893E-03
 13.0000     0.7921     0.7927E-01 0.3081E-03 0.5534E-03 0.7250E-01  0.000      0.5520E-01 0.2220E-04  0.000     0.5825E-08 0.1928E-08 0.3055E-03
 13.2500     0.7989     0.7720E-01 0.2987E-03 0.5333E-03 0.6985E-01  0.000      0.5320E-01 0.2257E-04  0.000     0.6336E-08 0.2097E-08 0.3211E-03
 13.5000     0.8048     0.7545E-01 0.2907E-03 0.5158E-03 0.6755E-01  0.000      0.5139E-01 0.2300E-04  0.000     0.6903E-08 0.2284E-08 0.3361E-03
 13.7500     0.8100     0.7396E-01 0.2838E-03 0.5006E-03 0.6555E-01  0.000      0.4972E-01 0.2348E-04  0.000     0.7530E-08 0.2491E-08 0.3506E-03
 14.0000     0.8146     0.7268E-01 0.2779E-03 0.4872E-03 0.6379E-01  0.000      0.4818E-01 0.2400E-04  0.000     0.8220E-08 0.2719E-08 0.3646E-03
 14.2500     0.8187     0.7157E-01 0.2727E-03 0.4754E-03 0.6223E-01  0.000      0.4676E-01 0.2457E-04  0.000     0.8977E-08 0.2968E-08 0.3781E-03
 14.5000     0.8223     0.7062E-01 0.2682E-03 0.4649E-03 0.6085E-01  0.000      0.4542E-01 0.2518E-04  0.000     0.9807E-08 0.3242E-08 0.3912E-03
 14.7500     0.8257     0.6980E-01 0.2642E-03 0.4555E-03 0.5961E-01  0.000      0.4417E-01 0.2581E-04  0.000     0.1071E-07 0.3541E-08 0.4038E-03
 15.0000     0.8287     0.6909E-01 0.2607E-03 0.4471E-03 0.5851E-01  0.000      0.4299E-01 0.2648E-04  0.000     0.1170E-07 0.3867E-08 0.4161E-03
 15.2500     0.8314     0.6847E-01 0.2577E-03 0.4395E-03 0.5751E-01  0.000      0.4188E-01 0.2718E-04  0.000     0.1278E-07 0.4223E-08 0.4280E-03
 15.5000     0.8339     0.6793E-01 0.2550E-03 0.4327E-03 0.5660E-01  0.000      0.4083E-01 0.2791E-04  0.000     0.1396E-07 0.4609E-08 0.4396E-03
 15.7500     0.8362     0.6747E-01 0.2526E-03 0.4265E-03 0.5578E-01  0.000      0.3983E-01 0.2866E-04  0.000     0.1523E-07 0.5029E-08 0.4509E-03
 16.0000     0.8383     0.6707E-01 0.2504E-03 0.4209E-03 0.5503E-01  0.000      0.3887E-01 0.2944E-04  0.000     0.1661E-07 0.5484E-08 0.4619E-03
 16.2500     0.8403     0.6672E-01 0.2486E-03 0.4157E-03 0.5435E-01  0.000      0.3797E-01 0.3024E-04  0.000     0.1811E-07 0.5978E-08 0.4726E-03
 16.5000     0.8421     0.6642E-01 0.2469E-03 0.4110E-03 0.5372E-01  0.000      0.3710E-01 0.3107E-04  0.000     0.1973E-07 0.6512E-08 0.4830E-03
 16.7500     0.8437     0.6617E-01 0.2454E-03 0.4066E-03 0.5315E-01  0.000      0.3627E-01 0.3192E-04  0.000     0.2149E-07 0.7089E-08 0.4932E-03
 17.0000     0.8453     0.6595E-01 0.2441E-03 0.4026E-03 0.5262E-01  0.000      0.3548E-01 0.3279E-04  0.000     0.2338E-07 0.7711E-08 0.5032E-03
 17.2500     0.8467     0.6577E-01 0.2430E-03 0.3990E-03 0.5213E-01  0.000      0.3471E-01 0.3368E-04  0.000     0.2542E-07 0.8383E-08 0.5130E-03
 17.5000     0.8481     0.6562E-01 0.2420E-03 0.3956E-03 0.5168E-01  0.000      0.3398E-01 0.3459E-04  0.000     0.2762E-07 0.9107E-08 0.5226E-03
 17.7500     0.8493     0.6549E-01 0.2411E-03 0.3924E-03 0.5126E-01  0.000      0.3328E-01 0.3553E-04  0.000     0.2999E-07 0.9886E-08 0.5319E-03
 18.0000     0.8505     0.6539E-01 0.2403E-03 0.3895E-03 0.5087E-01  0.000      0.3260E-01 0.3648E-04  0.000     0.3254E-07 0.1072E-07 0.5411E-03
 18.2500     0.8516     0.6531E-01 0.2396E-03 0.3868E-03 0.5051E-01  0.000      0.3196E-01 0.3746E-04  0.000     0.3528E-07 0.1162E-07 0.5502E-03
 18.5000     0.8526     0.6525E-01 0.2390E-03 0.3842E-03 0.5017E-01  0.000      0.3133E-01 0.3845E-04  0.000     0.3823E-07 0.1259E-07 0.5591E-03
 18.7500     0.8536     0.6520E-01 0.2385E-03 0.3819E-03 0.4985E-01  0.000      0.3073E-01 0.3946E-04  0.000     0.4138E-07 0.1363E-07 0.5678E-03
 19.0000     0.8545     0.6517E-01 0.2381E-03 0.3797E-03 0.4956E-01  0.000      0.3015E-01 0.4049E-04  0.000     0.4476E-07 0.1474E-07 0.5764E-03
 19.2500     0.8553     0.6516E-01 0.2377E-03 0.3776E-03 0.4928E-01  0.000      0.2959E-01 0.4155E-04  0.000     0.4839E-07 0.1593E-07 0.5849E-03
 19.5000     0.8561     0.6516E-01 0.2374E-03 0.3757E-03 0.4902E-01  0.000      0.2905E-01 0.4261E-04  0.000     0.5226E-07 0.1720E-07 0.5932E-03
 19.7500     0.8569     0.6517E-01 0.2371E-03 0.3738E-03 0.4878E-01  0.000      0.2853E-01 0.4370E-04  0.000     0.5641E-07 0.1856E-07 0.6014E-03
 20.0000     0.8576     0.6519E-01 0.2369E-03 0.3721E-03 0.4855E-01  0.000      0.2803E-01 0.4481E-04  0.000     0.6084E-07 0.2001E-07 0.6095E-03
 20.2500     0.8582     0.6522E-01 0.2367E-03 0.3705E-03 0.4833E-01  0.000      0.2755E-01 0.4593E-04  0.000     0.6557E-07 0.2156E-07 0.6175E-03
 20.5000     0.8589     0.6526E-01 0.2366E-03 0.3690E-03 0.4813E-01  0.000      0.2708E-01 0.4708E-04  0.000     0.7061E-07 0.2321E-07 0.6254E-03
 20.7500     0.8595     0.6531E-01 0.2365E-03 0.3676E-03 0.4793E-01  0.000      0.2664E-01 0.4824E-04  0.000     0.7599E-07 0.2497E-07 0.6332E-03
 21.0000     0.8600     0.6536E-01 0.2365E-03 0.3662E-03 0.4775E-01  0.000      0.2620E-01 0.4942E-04  0.000     0.8172E-07 0.2685E-07 0.6410E-03
 21.2500     0.8606     0.6542E-01 0.2364E-03 0.3650E-03 0.4758E-01  0.000      0.2579E-01 0.5062E-04  0.000     0.8782E-07 0.2885E-07 0.6486E-03
 21.5000     0.8611     0.6549E-01 0.2364E-03 0.3638E-03 0.4742E-01  0.000      0.2538E-01 0.5183E-04  0.000     0.9431E-07 0.3097E-07 0.6562E-03
 21.7500     0.8615     0.6556E-01 0.2365E-03 0.3626E-03 0.4726E-01  0.000      0.2500E-01 0.5306E-04  0.000     0.1012E-06 0.3323E-07 0.6636E-03
 22.0000     0.8620     0.6564E-01 0.2365E-03 0.3615E-03 0.4712E-01  0.000      0.2462E-01 0.5432E-04  0.000     0.1085E-06 0.3563E-07 0.6710E-03
 22.2500     0.8624     0.6572E-01 0.2366E-03 0.3605E-03 0.4698E-01  0.000      0.2426E-01 0.5558E-04  0.000     0.1163E-06 0.3817E-07 0.6784E-03
 22.5000     0.8628     0.6580E-01 0.2367E-03 0.3595E-03 0.4684E-01  0.000      0.2392E-01 0.5687E-04  0.000     0.1246E-06 0.4087E-07 0.6856E-03
 22.7500     0.8632     0.6589E-01 0.2369E-03 0.3586E-03 0.4672E-01  0.000      0.2358E-01 0.5818E-04  0.000     0.1333E-06 0.4374E-07 0.6928E-03
 23.0000     0.8635     0.6598E-01 0.2370E-03 0.3577E-03 0.4659E-01  0.000      0.2326E-01 0.5950E-04  0.000     0.1426E-06 0.4677E-07 0.7000E-03
 23.2500     0.8638     0.6608E-01 0.2372E-03 0.3568E-03 0.4648E-01  0.000      0.2295E-01 0.6084E-04  0.000     0.1525E-06 0.4998E-07 0.7071E-03
 23.5000     0.8641     0.6618E-01 0.2373E-03 0.3560E-03 0.4637E-01  0.000      0.2266E-01 0.6219E-04  0.000     0.1629E-06 0.5338E-07 0.7141E-03
 23.7500     0.8644     0.6628E-01 0.2375E-03 0.3553E-03 0.4626E-01  0.000      0.2237E-01 0.6357E-04  0.000     0.1739E-06 0.5698E-07 0.7211E-03
 24.0000     0.8647     0.6638E-01 0.2377E-03 0.3545E-03 0.4616E-01  0.000      0.2210E-01 0.6496E-04  0.000     0.1856E-06 0.6078E-07 0.7280E-03
 24.2500     0.8650     0.6648E-01 0.2379E-03 0.3538E-03 0.4607E-01  0.000      0.2183E-01 0.6635E-04  0.000     0.1979E-06 0.6479E-07 0.7349E-03
 24.5000     0.8652     0.6659E-01 0.2381E-03 0.3531E-03 0.4597E-01  0.000      0.2158E-01 0.6779E-04  0.000     0.2109E-06 0.6903E-07 0.7418E-03
 24.7500     0.8654     0.6669E-01 0.2384E-03 0.3525E-03 0.4589E-01  0.000      0.2134E-01 0.6925E-04  0.000     0.2246E-06 0.7351E-07 0.7486E-03
 25.0000     0.8656     0.6680E-01 0.2386E-03 0.3519E-03 0.4580E-01  0.000      0.2110E-01 0.7071E-04  0.000     0.2391E-06 0.7823E-07 0.7553E-03
 25.2500     0.8658     0.6691E-01 0.2389E-03 0.3513E-03 0.4572E-01  0.000      0.2088E-01 0.7219E-04  0.000     0.2544E-06 0.8321E-07 0.7620E-03
 25.5000     0.8660     0.6702E-01 0.2391E-03 0.3507E-03 0.4564E-01  0.000      0.2067E-01 0.7369E-04  0.000     0.2706E-06 0.8846E-07 0.7687E-03
 25.7500     0.8662     0.6713E-01 0.2394E-03 0.3501E-03 0.4556E-01  0.000      0.2046E-01 0.7521E-04  0.000     0.2876E-06 0.9399E-07 0.7753E-03
 26.0000     0.8663     0.6724E-01 0.2396E-03 0.3496E-03 0.4549E-01  0.000      0.2026E-01 0.7674E-04  0.000     0.3055E-06 0.9981E-07 0.7819E-03
 26.2500     0.8665     0.6736E-01 0.2399E-03 0.3491E-03 0.4542E-01  0.000      0.2008E-01 0.7829E-04  0.000     0.3243E-06 0.1059E-06 0.7885E-03
 26.5000     0.8666     0.6747E-01 0.2402E-03 0.3486E-03 0.4535E-01  0.000      0.1990E-01 0.7986E-04  0.000     0.3441E-06 0.1124E-06 0.7950E-03
 26.7500     0.8667     0.6758E-01 0.2405E-03 0.3481E-03 0.4529E-01  0.000      0.1973E-01 0.8145E-04  0.000     0.3650E-06 0.1192E-06 0.8015E-03
 27.0000     0.8668     0.6770E-01 0.2408E-03 0.3477E-03 0.4523E-01  0.000      0.1957E-01 0.8306E-04  0.000     0.3869E-06 0.1263E-06 0.8080E-03
 27.2500     0.8669     0.6781E-01 0.2411E-03 0.3472E-03 0.4516E-01  0.000      0.1941E-01 0.8468E-04  0.000     0.4100E-06 0.1338E-06 0.8145E-03
 27.5000     0.8670     0.6792E-01 0.2413E-03 0.3468E-03 0.4511E-01  0.000      0.1926E-01 0.8632E-04  0.000     0.4342E-06 0.1416E-06 0.8209E-03
 27.7500     0.8671     0.6804E-01 0.2416E-03 0.3464E-03 0.4505E-01  0.000      0.1912E-01 0.8798E-04  0.000     0.4596E-06 0.1499E-06 0.8273E-03
 28.0000     0.8672     0.6815E-01 0.2419E-03 0.3460E-03 0.4499E-01  0.000      0.1899E-01 0.8965E-04  0.000     0.4863E-06 0.1585E-06 0.8336E-03
 28.2500     0.8672     0.6827E-01 0.2422E-03 0.3456E-03 0.4494E-01  0.000      0.1887E-01 0.9135E-04  0.000     0.5144E-06 0.1676E-06 0.8400E-03
 28.5000     0.8673     0.6838E-01 0.2426E-03 0.3452E-03 0.4489E-01  0.000      0.1875E-01 0.9306E-04  0.000     0.5437E-06 0.1771E-06 0.8463E-03
 28.7500     0.8673     0.6850E-01 0.2429E-03 0.3449E-03 0.4484E-01  0.000      0.1864E-01 0.9479E-04  0.000     0.5745E-06 0.1871E-06 0.8526E-03
 29.0000     0.8674     0.6861E-01 0.2432E-03 0.3445E-03 0.4479E-01  0.000      0.1853E-01 0.9654E-04  0.000     0.6068E-06 0.1975E-06 0.8589E-03
 29.2500     0.8674     0.6872E-01 0.2435E-03 0.3442E-03 0.4474E-01  0.000      0.1843E-01 0.9830E-04  0.000     0.6407E-06 0.2085E-06 0.8651E-03
 29.5000     0.8674     0.6884E-01 0.2438E-03 0.3439E-03 0.4470E-01  0.000      0.1834E-01 0.1001E-03  0.000     0.6761E-06 0.2199E-06 0.8713E-03
 29.7500     0.8675     0.6895E-01 0.2441E-03 0.3435E-03 0.4465E-01  0.000      0.1825E-01 0.1019E-03  0.000     0.7132E-06 0.2319E-06 0.8775E-03
 30.0000     0.8675     0.6906E-01 0.2444E-03 0.3432E-03 0.4461E-01  0.000      0.1817E-01 0.1037E-03  0.000     0.7520E-06 0.2444E-06 0.8837E-03
 30.2500     0.8675     0.6918E-01 0.2447E-03 0.3429E-03 0.4456E-01  0.000      0.1810E-01 0.1056E-03  0.000     0.7926E-06 0.2575E-06 0.8899E-03
 30.5000     0.8675     0.6929E-01 0.2450E-03 0.3426E-03 0.4452E-01  0.000      0.1803E-01 0.1074E-03  0.000     0.8351E-06 0.2713E-06 0.8961E-03
 30.7500     0.8675     0.6940E-01 0.2454E-03 0.3423E-03 0.4448E-01  0.000      0.1797E-01 0.1093E-03  0.000     0.8795E-06 0.2856E-06 0.9022E-03
 31.0000     0.8674     0.6951E-01 0.2457E-03 0.3420E-03 0.4444E-01  0.000      0.1791E-01 0.1112E-03  0.000     0.9259E-06 0.3005E-06 0.9083E-03
 31.2500     0.8674     0.6962E-01 0.2460E-03 0.3418E-03 0.4441E-01  0.000      0.1785E-01 0.1131E-03  0.000     0.9744E-06 0.3162E-06 0.9144E-03
 31.5000     0.8674     0.6973E-01 0.2463E-03 0.3415E-03 0.4437E-01  0.000      0.1781E-01 0.1150E-03  0.000     0.1025E-05 0.3325E-06 0.9205E-03
 31.7500     0.8674     0.6984E-01 0.2466E-03 0.3412E-03 0.4433E-01  0.000      0.1776E-01 0.1170E-03  0.000     0.1078E-05 0.3495E-06 0.9266E-03
 32.0000     0.8673     0.6995E-01 0.2469E-03 0.3410E-03 0.4430E-01  0.000      0.1773E-01 0.1189E-03  0.000     0.1133E-05 0.3673E-06 0.9326E-03
 32.2500     0.8673     0.7006E-01 0.2473E-03 0.3407E-03 0.4426E-01  0.000      0.1769E-01 0.1209E-03  0.000     0.1191E-05 0.3858E-06 0.9387E-03
 32.5000     0.8672     0.7017E-01 0.2476E-03 0.3405E-03 0.4423E-01  0.000      0.1766E-01 0.1229E-03  0.000     0.1251E-05 0.4051E-06 0.9447E-03
 32.7500     0.8672     0.7028E-01 0.2479E-03 0.3403E-03 0.4419E-01  0.000      0.1764E-01 0.1249E-03  0.000     0.1314E-05 0.4252E-06 0.9507E-03
 33.0000     0.8671     0.7039E-01 0.2482E-03 0.3400E-03 0.4416E-01  0.000      0.1762E-01 0.1270E-03  0.000     0.1379E-05 0.4462E-06 0.9567E-03
 33.2500     0.8671     0.7049E-01 0.2485E-03 0.3398E-03 0.4413E-01  0.000      0.1760E-01 0.1290E-03  0.000     0.1447E-05 0.4681E-06 0.9627E-03
 33.5000     0.8670     0.7060E-01 0.2488E-03 0.3396E-03 0.4410E-01  0.000      0.1759E-01 0.1311E-03  0.000     0.1518E-05 0.4909E-06 0.9687E-03
 33.7500     0.8669     0.7071E-01 0.2491E-03 0.3394E-03 0.4407E-01  0.000      0.1758E-01 0.1332E-03  0.000     0.1592E-05 0.5146E-06 0.9746E-03
 34.0000     0.8668     0.7081E-01 0.2494E-03 0.3391E-03 0.4404E-01  0.000      0.1758E-01 0.1353E-03  0.000     0.1669E-05 0.5392E-06 0.9806E-03
 34.2500     0.8668     0.7092E-01 0.2498E-03 0.3389E-03 0.4401E-01  0.000      0.1758E-01 0.1375E-03  0.000     0.1749E-05 0.5649E-06 0.9865E-03
 34.5000     0.8667     0.7102E-01 0.2501E-03 0.3387E-03 0.4398E-01  0.000      0.1758E-01 0.1396E-03  0.000     0.1833E-05 0.5917E-06 0.9924E-03
 34.7500     0.8666     0.7112E-01 0.2504E-03 0.3385E-03 0.4395E-01  0.000      0.1759E-01 0.1418E-03  0.000     0.1920E-05 0.6194E-06 0.9983E-03
 35.0000     0.8665     0.7123E-01 0.2507E-03 0.3383E-03 0.4392E-01  0.000      0.1760E-01 0.1440E-03  0.000     0.2010E-05 0.6483E-06 0.1004E-02
 35.2500     0.8664     0.7133E-01 0.2510E-03 0.3381E-03 0.4390E-01  0.000      0.1761E-01 0.1462E-03  0.000     0.2104E-05 0.6784E-06 0.1010E-02
 35.5000     0.8663     0.7143E-01 0.2513E-03 0.3379E-03 0.4387E-01  0.000      0.1763E-01 0.1484E-03  0.000     0.2202E-05 0.7096E-06 0.1016E-02
 35.7500     0.8662     0.7153E-01 0.2516E-03 0.3378E-03 0.4384E-01  0.000      0.1765E-01 0.1507E-03  0.000     0.2304E-05 0.7420E-06 0.1022E-02
 36.0000     0.8661     0.7163E-01 0.2519E-03 0.3376E-03 0.4382E-01  0.000      0.1768E-01 0.1529E-03  0.000     0.2409E-05 0.7757E-06 0.1028E-02
 36.2500     0.8660     0.7173E-01 0.2522E-03 0.3374E-03 0.4379E-01  0.000      0.1771E-01 0.1552E-03  0.000     0.2519E-05 0.8107E-06 0.1034E-02
 36.5000     0.8659     0.7183E-01 0.2525E-03 0.3372E-03 0.4377E-01  0.000      0.1774E-01 0.1575E-03  0.000     0.2633E-05 0.8471E-06 0.1039E-02
 36.7500     0.8658     0.7193E-01 0.2528E-03 0.3370E-03 0.4374E-01  0.000      0.1777E-01 0.1599E-03  0.000     0.2752E-05 0.8848E-06 0.1045E-02
 37.0000     0.8657     0.7203E-01 0.2531E-03 0.3369E-03 0.4372E-01  0.000      0.1781E-01 0.1622E-03  0.000     0.2875E-05 0.9240E-06 0.1051E-02
 37.2500     0.8656     0.7212E-01 0.2534E-03 0.3367E-03 0.4369E-01  0.000      0.1785E-01 0.1646E-03  0.000     0.3002E-05 0.9646E-06 0.1057E-02
 37.5000     0.8655     0.7222E-01 0.2537E-03 0.3365E-03 0.4367E-01  0.000      0.1789E-01 0.1669E-03  0.000     0.3135E-05 0.1007E-05 0.1063E-02
 37.7500     0.8653     0.7232E-01 0.2540E-03 0.3364E-03 0.4365E-01  0.000      0.1793E-01 0.1693E-03  0.000     0.3273E-05 0.1050E-05 0.1069E-02
 38.0000     0.8652     0.7241E-01 0.2543E-03 0.3362E-03 0.4362E-01  0.000      0.1798E-01 0.1718E-03  0.000     0.3415E-05 0.1096E-05 0.1074E-02
 38.2500     0.8651     0.7251E-01 0.2545E-03 0.3360E-03 0.4360E-01  0.000      0.1803E-01 0.1742E-03  0.000     0.3564E-05 0.1143E-05 0.1080E-02
 38.5000     0.8650     0.7260E-01 0.2548E-03 0.3359E-03 0.4358E-01  0.000      0.1808E-01 0.1767E-03  0.000     0.3717E-05 0.1191E-05 0.1086E-02
 38.7500     0.8648     0.7269E-01 0.2551E-03 0.3357E-03 0.4356E-01  0.000      0.1814E-01 0.1791E-03  0.000     0.3877E-05 0.1242E-05 0.1092E-02
 39.0000     0.8647     0.7279E-01 0.2554E-03 0.3356E-03 0.4354E-01  0.000      0.1819E-01 0.1816E-03  0.000     0.4042E-05 0.1294E-05 0.1097E-02
 39.2500     0.8646     0.7288E-01 0.2557E-03 0.3354E-03 0.4351E-01  0.000      0.1825E-01 0.1842E-03  0.000     0.4213E-05 0.1348E-05 0.1103E-02
 39.5000     0.8644     0.7297E-01 0.2560E-03 0.3353E-03 0.4349E-01  0.000      0.1832E-01 0.1867E-03  0.000     0.4390E-05 0.1404E-05 0.1109E-02
 39.7500     0.8643     0.7306E-01 0.2563E-03 0.3351E-03 0.4347E-01  0.000      0.1838E-01 0.1893E-03  0.000     0.4574E-05 0.1463E-05 0.1115E-02
 40.0000     0.8642     0.7315E-01 0.2565E-03 0.3350E-03 0.4345E-01  0.000      0.1845E-01 0.1918E-03  0.000     0.4765E-05 0.1523E-05 0.1120E-02
 40.2500     0.8640     0.7324E-01 0.2568E-03 0.3348E-03 0.4343E-01  0.000      0.1852E-01 0.1944E-03  0.000     0.4962E-05 0.1585E-05 0.1126E-02
 40.5000     0.8639     0.7333E-01 0.2571E-03 0.3347E-03 0.4341E-01  0.000      0.1859E-01 0.1971E-03  0.000     0.5166E-05 0.1649E-05 0.1132E-02
 40.7500     0.8637     0.7342E-01 0.2574E-03 0.3345E-03 0.4339E-01  0.000      0.1866E-01 0.1997E-03  0.000     0.5378E-05 0.1716E-05 0.1138E-02
 41.0000     0.8636     0.7351E-01 0.2576E-03 0.3344E-03 0.4337E-01  0.000      0.1873E-01 0.2024E-03  0.000     0.5597E-05 0.1785E-05 0.1143E-02
 41.2500     0.8634     0.7360E-01 0.2579E-03 0.3343E-03 0.4335E-01  0.000      0.1881E-01 0.2050E-03  0.000     0.5823E-05 0.1856E-05 0.1149E-02
 41.5000     0.8633     0.7369E-01 0.2582E-03 0.3341E-03 0.4333E-01  0.000      0.1889E-01 0.2077E-03  0.000     0.6058E-05 0.1930E-05 0.1155E-02
 41.7500     0.8631     0.7377E-01 0.2585E-03 0.3340E-03 0.4331E-01  0.000      0.1897E-01 0.2105E-03  0.000     0.6300E-05 0.2006E-05 0.1160E-02
 42.0000     0.8630     0.7386E-01 0.2587E-03 0.3338E-03 0.4330E-01  0.000      0.1905E-01 0.2132E-03  0.000     0.6551E-05 0.2085E-05 0.1166E-02
 42.2500     0.8628     0.7394E-01 0.2590E-03 0.3337E-03 0.4328E-01  0.000      0.1914E-01 0.2160E-03  0.000     0.6811E-05 0.2166E-05 0.1172E-02
 42.5000     0.8627     0.7403E-01 0.2593E-03 0.3336E-03 0.4326E-01  0.000      0.1922E-01 0.2188E-03  0.000     0.7079E-05 0.2251E-05 0.1178E-02
 42.7500     0.8625     0.7411E-01 0.2595E-03 0.3334E-03 0.4324E-01  0.000      0.1931E-01 0.2216E-03  0.000     0.7357E-05 0.2338E-05 0.1183E-02
 43.0000     0.8624     0.7420E-01 0.2598E-03 0.3333E-03 0.4322E-01  0.000      0.1940E-01 0.2244E-03  0.000     0.7644E-05 0.2427E-05 0.1189E-02
 43.2500     0.8622     0.7428E-01 0.2600E-03 0.3332E-03 0.4320E-01  0.000      0.1949E-01 0.2272E-03  0.000     0.7940E-05 0.2520E-05 0.1195E-02
 43.5000     0.8620     0.7436E-01 0.2603E-03 0.3331E-03 0.4319E-01  0.000      0.1958E-01 0.2301E-03  0.000     0.8247E-05 0.2616E-05 0.1200E-02
 43.7500     0.8619     0.7444E-01 0.2606E-03 0.3329E-03 0.4317E-01  0.000      0.1968E-01 0.2330E-03  0.000     0.8564E-05 0.2715E-05 0.1206E-02
 44.0000     0.8617     0.7453E-01 0.2608E-03 0.3328E-03 0.4315E-01  0.000      0.1978E-01 0.2359E-03  0.000     0.8891E-05 0.2817E-05 0.1211E-02
 44.2500     0.8615     0.7461E-01 0.2611E-03 0.3327E-03 0.4313E-01  0.000      0.1987E-01 0.2388E-03  0.000     0.9229E-05 0.2922E-05 0.1217E-02
 44.5000     0.8614     0.7469E-01 0.2613E-03 0.3326E-03 0.4312E-01  0.000      0.1997E-01 0.2418E-03  0.000     0.9579E-05 0.3031E-05 0.1223E-02
 44.7500     0.8612     0.7477E-01 0.2616E-03 0.3324E-03 0.4310E-01  0.000      0.2007E-01 0.2447E-03  0.000     0.9939E-05 0.3144E-05 0.1228E-02
 45.0000     0.8610     0.7485E-01 0.2618E-03 0.3323E-03 0.4308E-01  0.000      0.2018E-01 0.2477E-03  0.000     0.1031E-04 0.3259E-05 0.1234E-02
 45.2500     0.8609     0.7493E-01 0.2621E-03 0.3322E-03 0.4307E-01  0.000      0.2028E-01 0.2507E-03  0.000     0.1070E-04 0.3379E-05 0.1240E-02
 45.5000     0.8607     0.7500E-01 0.2623E-03 0.3321E-03 0.4305E-01  0.000      0.2039E-01 0.2538E-03  0.000     0.1109E-04 0.3502E-05 0.1245E-02
 45.7500     0.8605     0.7508E-01 0.2626E-03 0.3320E-03 0.4303E-01  0.000      0.2049E-01 0.2568E-03  0.000     0.1150E-04 0.3629E-05 0.1251E-02
 46.0000     0.8604     0.7516E-01 0.2628E-03 0.3318E-03 0.4302E-01  0.000      0.2060E-01 0.2599E-03  0.000     0.1193E-04 0.3761E-05 0.1257E-02
 46.2500     0.8602     0.7524E-01 0.2631E-03 0.3317E-03 0.4300E-01  0.000      0.2071E-01 0.2630E-03  0.000     0.1236E-04 0.3896E-05 0.1262E-02
 46.5000     0.8600     0.7531E-01 0.2633E-03 0.3316E-03 0.4298E-01  0.000      0.2082E-01 0.2661E-03  0.000     0.1281E-04 0.4035E-05 0.1268E-02
 46.7500     0.8598     0.7539E-01 0.2635E-03 0.3315E-03 0.4297E-01  0.000      0.2094E-01 0.2692E-03  0.000     0.1328E-04 0.4179E-05 0.1273E-02
 47.0000     0.8596     0.7546E-01 0.2638E-03 0.3314E-03 0.4295E-01  0.000      0.2105E-01 0.2724E-03  0.000     0.1376E-04 0.4327E-05 0.1279E-02
 47.2500     0.8595     0.7554E-01 0.2640E-03 0.3313E-03 0.4294E-01  0.000      0.2117E-01 0.2756E-03  0.000     0.1425E-04 0.4479E-05 0.1285E-02
 47.5000     0.8593     0.7561E-01 0.2643E-03 0.3312E-03 0.4292E-01  0.000      0.2128E-01 0.2788E-03  0.000     0.1476E-04 0.4636E-05 0.1290E-02
 47.7500     0.8591     0.7569E-01 0.2645E-03 0.3310E-03 0.4290E-01  0.000      0.2140E-01 0.2820E-03  0.000     0.1528E-04 0.4798E-05 0.1296E-02
 48.0000     0.8589     0.7576E-01 0.2647E-03 0.3309E-03 0.4289E-01  0.000      0.2152E-01 0.2853E-03  0.000     0.1583E-04 0.4965E-05 0.1301E-02
 48.2500     0.8587     0.7583E-01 0.2650E-03 0.3308E-03 0.4287E-01  0.000      0.2164E-01 0.2885E-03  0.000     0.1638E-04 0.5137E-05 0.1307E-02
 48.5000     0.8586     0.7590E-01 0.2652E-03 0.3307E-03 0.4286E-01  0.000      0.2176E-01 0.2918E-03  0.000     0.1696E-04 0.5314E-05 0.1313E-02
 48.7500     0.8584     0.7598E-01 0.2654E-03 0.3306E-03 0.4284E-01  0.000      0.2189E-01 0.2951E-03  0.000     0.1755E-04 0.5496E-05 0.1318E-02
 49.0000     0.8582     0.7605E-01 0.2656E-03 0.3305E-03 0.4283E-01  0.000      0.2201E-01 0.2985E-03  0.000     0.1816E-04 0.5684E-05 0.1324E-02
 49.2500     0.8580     0.7612E-01 0.2659E-03 0.3304E-03 0.4281E-01  0.000      0.2214E-01 0.3018E-03  0.000     0.1879E-04 0.5877E-05 0.1329E-02
 49.5000     0.8578     0.7619E-01 0.2661E-03 0.3303E-03 0.4280E-01  0.000      0.2227E-01 0.3052E-03  0.000     0.1944E-04 0.6075E-05 0.1335E-02
 49.7500     0.8576     0.7626E-01 0.2663E-03 0.3302E-03 0.4278E-01  0.000      0.2240E-01 0.3086E-03  0.000     0.2011E-04 0.6280E-05 0.1340E-02
 50.0000     0.8574     0.7633E-01 0.2665E-03 0.3300E-03 0.4277E-01  0.000      0.2253E-01 0.3121E-03  0.000     0.2080E-04 0.6490E-05 0.1346E-02
 50.2500     0.8573     0.7640E-01 0.2668E-03 0.3299E-03 0.4275E-01  0.000      0.2266E-01 0.3155E-03  0.000     0.2151E-04 0.6707E-05 0.1352E-02
 50.5000     0.8571     0.7646E-01 0.2670E-03 0.3298E-03 0.4274E-01  0.000      0.2279E-01 0.3190E-03  0.000     0.2224E-04 0.6930E-05 0.1357E-02
 50.7500     0.8569     0.7653E-01 0.2672E-03 0.3297E-03 0.4272E-01  0.000      0.2292E-01 0.3225E-03  0.000     0.2299E-04 0.7159E-05 0.1363E-02
 51.0000     0.8567     0.7660E-01 0.2674E-03 0.3296E-03 0.4271E-01  0.000      0.2306E-01 0.3260E-03  0.000     0.2377E-04 0.7395E-05 0.1368E-02
 51.2500     0.8565     0.7667E-01 0.2676E-03 0.3295E-03 0.4269E-01  0.000      0.2320E-01 0.3295E-03  0.000     0.2456E-04 0.7637E-05 0.1374E-02
 51.5000     0.8563     0.7673E-01 0.2678E-03 0.3294E-03 0.4268E-01  0.000      0.2334E-01 0.3331E-03  0.000     0.2539E-04 0.7887E-05 0.1379E-02
 51.7500     0.8561     0.7680E-01 0.2681E-03 0.3293E-03 0.4266E-01  0.000      0.2348E-01 0.3367E-03  0.000     0.2623E-04 0.8143E-05 0.1385E-02
 52.0000     0.8559     0.7686E-01 0.2683E-03 0.3292E-03 0.4265E-01  0.000      0.2362E-01 0.3403E-03  0.000     0.2710E-04 0.8407E-05 0.1390E-02
 52.2500     0.8557     0.7693E-01 0.2685E-03 0.3291E-03 0.4263E-01  0.000      0.2376E-01 0.3439E-03  0.000     0.2800E-04 0.8678E-05 0.1396E-02
 52.5000     0.8555     0.7699E-01 0.2687E-03 0.3290E-03 0.4262E-01  0.000      0.2390E-01 0.3475E-03  0.000     0.2892E-04 0.8956E-05 0.1402E-02
 52.7500     0.8553     0.7706E-01 0.2689E-03 0.3289E-03 0.4261E-01  0.000      0.2405E-01 0.3512E-03  0.000     0.2986E-04 0.9243E-05 0.1407E-02
 53.0000     0.8551     0.7712E-01 0.2691E-03 0.3288E-03 0.4259E-01  0.000      0.2419E-01 0.3549E-03  0.000     0.3084E-04 0.9537E-05 0.1413E-02
 53.2500     0.8549     0.7718E-01 0.2693E-03 0.3287E-03 0.4258E-01  0.000      0.2434E-01 0.3586E-03  0.000     0.3184E-04 0.9840E-05 0.1418E-02
 53.5000     0.8547     0.7725E-01 0.2695E-03 0.3286E-03 0.4256E-01  0.000      0.2449E-01 0.3624E-03  0.000     0.3287E-04 0.1015E-04 0.1424E-02
 53.7500     0.8545     0.7731E-01 0.2697E-03 0.3285E-03 0.4255E-01  0.000      0.2464E-01 0.3661E-03  0.000     0.3393E-04 0.1047E-04 0.1429E-02
 54.0000     0.8543     0.7737E-01 0.2699E-03 0.3284E-03 0.4253E-01  0.000      0.2479E-01 0.3699E-03  0.000     0.3503E-04 0.1080E-04 0.1435E-02
 54.2500     0.8541     0.7743E-01 0.2701E-03 0.3282E-03 0.4252E-01  0.000      0.2495E-01 0.3738E-03  0.000     0.3615E-04 0.1113E-04 0.1440E-02
 54.5000     0.8539     0.7749E-01 0.2703E-03 0.3281E-03 0.4251E-01  0.000      0.2510E-01 0.3776E-03  0.000     0.3730E-04 0.1148E-04 0.1446E-02
 54.7500     0.8537     0.7755E-01 0.2705E-03 0.3280E-03 0.4249E-01  0.000      0.2526E-01 0.3815E-03  0.000     0.3849E-04 0.1184E-04 0.1451E-02
 55.0000     0.8535     0.7761E-01 0.2707E-03 0.3279E-03 0.4248E-01  0.000      0.2541E-01 0.3853E-03  0.000     0.3971E-04 0.1220E-04 0.1457E-02
 55.2500     0.8533     0.7767E-01 0.2709E-03 0.3278E-03 0.4246E-01  0.000      0.2557E-01 0.3893E-03  0.000     0.4096E-04 0.1258E-04 0.1462E-02
 55.5000     0.8530     0.7773E-01 0.2711E-03 0.3277E-03 0.4245E-01  0.000      0.2573E-01 0.3932E-03  0.000     0.4225E-04 0.1296E-04 0.1468E-02
 55.7500     0.8528     0.7779E-01 0.2713E-03 0.3276E-03 0.4244E-01  0.000      0.2589E-01 0.3971E-03  0.000     0.4358E-04 0.1336E-04 0.1474E-02
 56.0000     0.8526     0.7785E-01 0.2714E-03 0.3275E-03 0.4242E-01  0.000      0.2605E-01 0.4011E-03  0.000     0.4494E-04 0.1376E-04 0.1479E-02
 56.2500     0.8524     0.7791E-01 0.2716E-03 0.3274E-03 0.4241E-01  0.000      0.2621E-01 0.4051E-03  0.000     0.4634E-04 0.1418E-04 0.1485E-02
 56.5000     0.8522     0.7796E-01 0.2718E-03 0.3273E-03 0.4239E-01  0.000      0.2638E-01 0.4092E-03  0.000     0.4778E-04 0.1461E-04 0.1490E-02
 56.7500     0.8520     0.7802E-01 0.2720E-03 0.3272E-03 0.4238E-01  0.000      0.2654E-01 0.4132E-03  0.000     0.4926E-04 0.1505E-04 0.1496E-02
 57.0000     0.8518     0.7808E-01 0.2722E-03 0.3271E-03 0.4236E-01  0.000      0.2671E-01 0.4173E-03  0.000     0.5078E-04 0.1550E-04 0.1501E-02
 57.2500     0.8515     0.7813E-01 0.2724E-03 0.3270E-03 0.4235E-01  0.000      0.2688E-01 0.4214E-03  0.000     0.5234E-04 0.1596E-04 0.1507E-02
 57.5000     0.8513     0.7819E-01 0.2726E-03 0.3269E-03 0.4234E-01  0.000      0.2705E-01 0.4255E-03  0.000     0.5395E-04 0.1643E-04 0.1512E-02
 57.7500     0.8511     0.7825E-01 0.2727E-03 0.3268E-03 0.4232E-01  0.000      0.2722E-01 0.4297E-03  0.000     0.5559E-04 0.1692E-04 0.1518E-02
 58.0000     0.8509     0.7830E-01 0.2729E-03 0.3267E-03 0.4231E-01  0.000      0.2739E-01 0.4338E-03  0.000     0.5729E-04 0.1742E-04 0.1523E-02
 58.2500     0.8507     0.7836E-01 0.2731E-03 0.3266E-03 0.4230E-01  0.000      0.2756E-01 0.4381E-03  0.000     0.5903E-04 0.1793E-04 0.1529E-02
 58.5000     0.8505     0.7841E-01 0.2733E-03 0.3265E-03 0.4228E-01  0.000      0.2774E-01 0.4423E-03  0.000     0.6081E-04 0.1846E-04 0.1534E-02
 58.7500     0.8502     0.7846E-01 0.2734E-03 0.3264E-03 0.4227E-01  0.000      0.2791E-01 0.4465E-03  0.000     0.6265E-04 0.1899E-04 0.1540E-02
 59.0000     0.8500     0.7852E-01 0.2736E-03 0.3263E-03 0.4225E-01  0.000      0.2809E-01 0.4508E-03  0.000     0.6453E-04 0.1955E-04 0.1545E-02
 59.2500     0.8498     0.7857E-01 0.2738E-03 0.3262E-03 0.4224E-01  0.000      0.2827E-01 0.4551E-03  0.000     0.6647E-04 0.2011E-04 0.1551E-02
 59.5000     0.8496     0.7862E-01 0.2740E-03 0.3261E-03 0.4223E-01  0.000      0.2844E-01 0.4594E-03  0.000     0.6845E-04 0.2069E-04 0.1556E-02
 59.7500     0.8493     0.7867E-01 0.2741E-03 0.3260E-03 0.4221E-01  0.000      0.2862E-01 0.4638E-03  0.000     0.7049E-04 0.2129E-04 0.1562E-02
 60.0000     0.8491     0.7873E-01 0.2743E-03 0.3259E-03 0.4220E-01  0.000      0.2881E-01 0.4682E-03  0.000     0.7259E-04 0.2190E-04 0.1568E-02
 60.2500     0.8489     0.7878E-01 0.2745E-03 0.3258E-03 0.4218E-01  0.000      0.2899E-01 0.4726E-03  0.000     0.7474E-04 0.2253E-04 0.1573E-02
 60.5000     0.8487     0.7883E-01 0.2746E-03 0.3257E-03 0.4217E-01  0.000      0.2917E-01 0.4770E-03  0.000     0.7695E-04 0.2317E-04 0.1579E-02
 60.7500     0.8484     0.7888E-01 0.2748E-03 0.3256E-03 0.4216E-01  0.000      0.2936E-01 0.4814E-03  0.000     0.7922E-04 0.2383E-04 0.1584E-02
 61.0000     0.8482     0.7893E-01 0.2750E-03 0.3255E-03 0.4214E-01  0.000      0.2954E-01 0.4859E-03  0.000     0.8154E-04 0.2450E-04 0.1590E-02
 61.2500     0.8480     0.7898E-01 0.2751E-03 0.3254E-03 0.4213E-01  0.000      0.2973E-01 0.4904E-03  0.000     0.8393E-04 0.2519E-04 0.1595E-02
 61.5000     0.8477     0.7903E-01 0.2753E-03 0.3253E-03 0.4211E-01  0.000      0.2992E-01 0.4949E-03  0.000     0.8638E-04 0.2590E-04 0.1601E-02
 61.7500     0.8475     0.7908E-01 0.2754E-03 0.3252E-03 0.4210E-01  0.000      0.3011E-01 0.4995E-03  0.000     0.8890E-04 0.2663E-04 0.1606E-02
 62.0000     0.8473     0.7913E-01 0.2756E-03 0.3251E-03 0.4209E-01  0.000      0.3030E-01 0.5041E-03  0.000     0.9148E-04 0.2737E-04 0.1612E-02
 62.2500     0.8470     0.7917E-01 0.2758E-03 0.3250E-03 0.4207E-01  0.000      0.3049E-01 0.5087E-03  0.000     0.9413E-04 0.2814E-04 0.1617E-02
 62.5000     0.8468     0.7922E-01 0.2759E-03 0.3249E-03 0.4206E-01  0.000      0.3068E-01 0.5133E-03  0.000     0.9685E-04 0.2892E-04 0.1623E-02
 62.7500     0.8466     0.7927E-01 0.2761E-03 0.3248E-03 0.4205E-01  0.000      0.3088E-01 0.5180E-03  0.000     0.9965E-04 0.2972E-04 0.1628E-02
 63.0000     0.8463     0.7932E-01 0.2762E-03 0.3247E-03 0.4203E-01  0.000      0.3107E-01 0.5227E-03  0.000     0.1025E-03 0.3054E-04 0.1634E-02
 63.2500     0.8461     0.7936E-01 0.2764E-03 0.3245E-03 0.4202E-01  0.000      0.3127E-01 0.5274E-03  0.000     0.1055E-03 0.3138E-04 0.1639E-02
 63.5000     0.8458     0.7941E-01 0.2765E-03 0.3244E-03 0.4200E-01  0.000      0.3146E-01 0.5321E-03  0.000     0.1085E-03 0.3224E-04 0.1645E-02
 63.7500     0.8456     0.7946E-01 0.2767E-03 0.3243E-03 0.4199E-01  0.000      0.3166E-01 0.5369E-03  0.000     0.1116E-03 0.3312E-04 0.1650E-02
 64.0000     0.8454     0.7950E-01 0.2768E-03 0.3242E-03 0.4198E-01  0.000      0.3186E-01 0.5417E-03  0.000     0.1147E-03 0.3403E-04 0.1656E-02
 64.2500     0.8451     0.7955E-01 0.2770E-03 0.3241E-03 0.4196E-01  0.000      0.3206E-01 0.5465E-03  0.000     0.1180E-03 0.3495E-04 0.1662E-02
 64.5000     0.8449     0.7959E-01 0.2771E-03 0.3240E-03 0.4195E-01  0.000      0.3226E-01 0.5514E-03  0.000     0.1213E-03 0.3590E-04 0.1667E-02
 64.7500     0.8446     0.7964E-01 0.2773E-03 0.3239E-03 0.4193E-01  0.000      0.3247E-01 0.5562E-03  0.000     0.1248E-03 0.3687E-04 0.1673E-02
 65.0000     0.8444     0.7968E-01 0.2774E-03 0.3238E-03 0.4192E-01  0.000      0.3267E-01 0.5611E-03  0.000     0.1283E-03 0.3787E-04 0.1678E-02
 65.2500     0.8442     0.7973E-01 0.2775E-03 0.3237E-03 0.4191E-01  0.000      0.3288E-01 0.5661E-03  0.000     0.1319E-03 0.3888E-04 0.1684E-02
 65.5000     0.8439     0.7977E-01 0.2777E-03 0.3236E-03 0.4189E-01  0.000      0.3308E-01 0.5710E-03  0.000     0.1356E-03 0.3993E-04 0.1689E-02
 65.7500     0.8437     0.7981E-01 0.2778E-03 0.3235E-03 0.4188E-01  0.000      0.3329E-01 0.5760E-03  0.000     0.1394E-03 0.4099E-04 0.1695E-02
 66.0000     0.8434     0.7986E-01 0.2780E-03 0.3234E-03 0.4186E-01  0.000      0.3350E-01 0.5810E-03  0.000     0.1433E-03 0.4209E-04 0.1700E-02
 66.2500     0.8432     0.7990E-01 0.2781E-03 0.3233E-03 0.4185E-01  0.000      0.3371E-01 0.5861E-03  0.000     0.1473E-03 0.4320E-04 0.1706E-02
 66.5000     0.8429     0.7994E-01 0.2782E-03 0.3232E-03 0.4184E-01  0.000      0.3392E-01 0.5911E-03  0.000     0.1514E-03 0.4435E-04 0.1711E-02
 66.7500     0.8427     0.7998E-01 0.2784E-03 0.3231E-03 0.4182E-01  0.000      0.3413E-01 0.5962E-03  0.000     0.1556E-03 0.4552E-04 0.1717E-02
 67.0000     0.8424     0.8002E-01 0.2785E-03 0.3230E-03 0.4181E-01  0.000      0.3434E-01 0.6013E-03  0.000     0.1599E-03 0.4672E-04 0.1722E-02
 67.2500     0.8422     0.8006E-01 0.2787E-03 0.3229E-03 0.4179E-01  0.000      0.3456E-01 0.6065E-03  0.000     0.1643E-03 0.4795E-04 0.1728E-02
 67.5000     0.8419     0.8010E-01 0.2788E-03 0.3228E-03 0.4178E-01  0.000      0.3477E-01 0.6117E-03  0.000     0.1688E-03 0.4921E-04 0.1734E-02
 67.7500     0.8417     0.8015E-01 0.2789E-03 0.3227E-03 0.4177E-01  0.000      0.3499E-01 0.6169E-03  0.000     0.1735E-03 0.5050E-04 0.1739E-02
 68.0000     0.8414     0.8019E-01 0.2791E-03 0.3226E-03 0.4175E-01  0.000      0.3520E-01 0.6221E-03  0.000     0.1782E-03 0.5181E-04 0.1745E-02
 68.2500     0.8412     0.8022E-01 0.2792E-03 0.3225E-03 0.4174E-01  0.000      0.3542E-01 0.6274E-03  0.000     0.1831E-03 0.5316E-04 0.1750E-02
 68.5000     0.8409     0.8026E-01 0.2793E-03 0.3224E-03 0.4172E-01  0.000      0.3564E-01 0.6327E-03  0.000     0.1881E-03 0.5454E-04 0.1756E-02
 68.7500     0.8406     0.8030E-01 0.2794E-03 0.3222E-03 0.4171E-01  0.000      0.3586E-01 0.6380E-03  0.000     0.1933E-03 0.5595E-04 0.1761E-02
