# mH (GeV) 	H → bb 	H → ττ 	H → μμ 	H → ss 	H → cc 	H → tt   H → gg 	H → γγ 	H → Zγ 	H → WW 	H → ZZ 	Total ΓH (GeV)
# Computed with HDECAY 6.51, with electroweak corrections turned off and ss, bb, gg and μμ branching fractions set to zero by hand, using the
# files hdecay.f.heavySM and hdecay.in.heavySM.
#
# PS 2016-09-27
#
 1000.00      0.000     0.4102E-05  0.000      0.000     0.1282E-05 0.8311E-01        0.000     0.5242E-06 0.7757E-06 0.6138     0.3031      505.1
 1050.00      0.000     0.3734E-05  0.000      0.000     0.1158E-05 0.7608E-01        0.000     0.5657E-06 0.6861E-06 0.6183     0.3056      582.7
 1100.00      0.000     0.3413E-05  0.000      0.000     0.1052E-05 0.6982E-01        0.000     0.6022E-06 0.6182E-06 0.6223     0.3079      667.8
 1150.00      0.000     0.3132E-05  0.000      0.000     0.9584E-06 0.6424E-01        0.000     0.6343E-06 0.5670E-06 0.6258     0.3099      760.8
 1200.00      0.000     0.2884E-05  0.000      0.000     0.8769E-06 0.5926E-01        0.000     0.6627E-06 0.5285E-06 0.6290     0.3117      862.2
 1250.00      0.000     0.2664E-05  0.000      0.000     0.8052E-06 0.5479E-01        0.000     0.6876E-06 0.5001E-06 0.6319     0.3133      972.3
 1300.00      0.000     0.2468E-05  0.000      0.000     0.7417E-06 0.5078E-01        0.000     0.7099E-06 0.4794E-06 0.6344     0.3148      1091.
 1350.00      0.000     0.2293E-05  0.000      0.000     0.6852E-06 0.4717E-01        0.000     0.7292E-06 0.4648E-06 0.6368     0.3161      1220.
 1400.00      0.000     0.2136E-05  0.000      0.000     0.6349E-06 0.4391E-01        0.000     0.7465E-06 0.4550E-06 0.6388     0.3172      1358.
 1450.00      0.000     0.1994E-05  0.000      0.000     0.5897E-06 0.4097E-01        0.000     0.7619E-06 0.4489E-06 0.6407     0.3183      1507.
 1500.00      0.000     0.1866E-05  0.000      0.000     0.5491E-06 0.3829E-01        0.000     0.7756E-06 0.4458E-06 0.6424     0.3193      1665.
 1550.00      0.000     0.1750E-05  0.000      0.000     0.5125E-06 0.3586E-01        0.000     0.7878E-06 0.4451E-06 0.6440     0.3201      1835.
 1600.00      0.000     0.1644E-05  0.000      0.000     0.4793E-06 0.3364E-01        0.000     0.7988E-06 0.4462E-06 0.6454     0.3209      2016.
 1650.00      0.000     0.1548E-05  0.000      0.000     0.4492E-06 0.3161E-01        0.000     0.8087E-06 0.4488E-06 0.6467     0.3217      2209.
 1700.00      0.000     0.1459E-05  0.000      0.000     0.4218E-06 0.2975E-01        0.000     0.8175E-06 0.4525E-06 0.6479     0.3223      2414.
 1750.00      0.000     0.1378E-05  0.000      0.000     0.3968E-06 0.2805E-01        0.000     0.8255E-06 0.4570E-06 0.6490     0.3230      2631.
 1800.00      0.000     0.1304E-05  0.000      0.000     0.3738E-06 0.2648E-01        0.000     0.8326E-06 0.4623E-06 0.6500     0.3235      2860.
 1850.00      0.000     0.1235E-05  0.000      0.000     0.3528E-06 0.2504E-01        0.000     0.8392E-06 0.4680E-06 0.6509     0.3240      3103.
 1900.00      0.000     0.1172E-05  0.000      0.000     0.3335E-06 0.2371E-01        0.000     0.8450E-06 0.4741E-06 0.6518     0.3245      3359.
 1950.00      0.000     0.1113E-05  0.000      0.000     0.3156E-06 0.2247E-01        0.000     0.8504E-06 0.4805E-06 0.6525     0.3250      3629.
 2000.00      0.000     0.1059E-05  0.000      0.000     0.2992E-06 0.2133E-01        0.000     0.8553E-06 0.4871E-06 0.6533     0.3254      3913.
 2050.00      0.000     0.1009E-05  0.000      0.000     0.2839E-06 0.2027E-01        0.000     0.8597E-06 0.4938E-06 0.6540     0.3258      4211.
 2100.00      0.000     0.9617E-06  0.000      0.000     0.2698E-06 0.1929E-01        0.000     0.8637E-06 0.5006E-06 0.6546     0.3261      4525.
 2150.00      0.000     0.9179E-06  0.000      0.000     0.2567E-06 0.1837E-01        0.000     0.8674E-06 0.5073E-06 0.6552     0.3265      4853.
 2200.00      0.000     0.8770E-06  0.000      0.000     0.2445E-06 0.1751E-01        0.000     0.8708E-06 0.5140E-06 0.6557     0.3268      5198.
 2250.00      0.000     0.8388E-06  0.000      0.000     0.2331E-06 0.1672E-01        0.000     0.8739E-06 0.5207E-06 0.6562     0.3271      5558.
 2300.00      0.000     0.8031E-06  0.000      0.000     0.2225E-06 0.1597E-01        0.000     0.8768E-06 0.5273E-06 0.6567     0.3273      5934.
 2350.00      0.000     0.7695E-06  0.000      0.000     0.2126E-06 0.1527E-01        0.000     0.8794E-06 0.5339E-06 0.6571     0.3276      6328.
 2400.00      0.000     0.7380E-06  0.000      0.000     0.2033E-06 0.1461E-01        0.000     0.8819E-06 0.5403E-06 0.6576     0.3278      6738.
 2450.00      0.000     0.7084E-06  0.000      0.000     0.1946E-06 0.1400E-01        0.000     0.8841E-06 0.5465E-06 0.6580     0.3280      7166.
 2500.00      0.000     0.6806E-06  0.000      0.000     0.1864E-06 0.1342E-01        0.000     0.8861E-06 0.5527E-06 0.6583     0.3282      7611.
 2550.00      0.000     0.6543E-06  0.000      0.000     0.1787E-06 0.1288E-01        0.000     0.8880E-06 0.5587E-06 0.6587     0.3284      8075.
 2600.00      0.000     0.6296E-06  0.000      0.000     0.1715E-06 0.1236E-01        0.000     0.8898E-06 0.5646E-06 0.6590     0.3286      8557.
 2650.00      0.000     0.6062E-06  0.000      0.000     0.1647E-06 0.1188E-01        0.000     0.8914E-06 0.5704E-06 0.6593     0.3288      9058.
 2700.00      0.000     0.5841E-06  0.000      0.000     0.1583E-06 0.1143E-01        0.000     0.8929E-06 0.5760E-06 0.6596     0.3290      9578.
 2750.00      0.000     0.5632E-06  0.000      0.000     0.1523E-06 0.1099E-01        0.000     0.8943E-06 0.5815E-06 0.6599     0.3291     0.1012E+05
 2800.00      0.000     0.5433E-06  0.000      0.000     0.1466E-06 0.1059E-01        0.000     0.8956E-06 0.5868E-06 0.6601     0.3293     0.1068E+05
 2850.00      0.000     0.5245E-06  0.000      0.000     0.1412E-06 0.1020E-01        0.000     0.8969E-06 0.5920E-06 0.6604     0.3294     0.1126E+05
 2900.00      0.000     0.5067E-06  0.000      0.000     0.1360E-06 0.9835E-02        0.000     0.8980E-06 0.5970E-06 0.6606     0.3295     0.1186E+05
 2950.00      0.000     0.4898E-06  0.000      0.000     0.1312E-06 0.9488E-02        0.000     0.8990E-06 0.6020E-06 0.6608     0.3297     0.1248E+05
 3000.00      0.000     0.4736E-06  0.000      0.000     0.1266E-06 0.9159E-02        0.000     0.9000E-06 0.6068E-06 0.6610     0.3298     0.1312E+05
 3050.00      0.000     0.4583E-06  0.000      0.000     0.1222E-06 0.8846E-02        0.000     0.9009E-06 0.6114E-06 0.6612     0.3299     0.1379E+05
 3100.00      0.000     0.4437E-06  0.000      0.000     0.1181E-06 0.8549E-02        0.000     0.9018E-06 0.6160E-06 0.6614     0.3300     0.1448E+05
 3150.00      0.000     0.4298E-06  0.000      0.000     0.1141E-06 0.8266E-02        0.000     0.9026E-06 0.6204E-06 0.6616     0.3301     0.1519E+05
 3200.00      0.000     0.4165E-06  0.000      0.000     0.1104E-06 0.7996E-02        0.000     0.9033E-06 0.6247E-06 0.6618     0.3302     0.1592E+05
 3250.00      0.000     0.4039E-06  0.000      0.000     0.1068E-06 0.7740E-02        0.000     0.9040E-06 0.6288E-06 0.6620     0.3303     0.1667E+05
 3300.00      0.000     0.3918E-06  0.000      0.000     0.1034E-06 0.7495E-02        0.000     0.9047E-06 0.6329E-06 0.6621     0.3304     0.1745E+05
 3350.00      0.000     0.3802E-06  0.000      0.000     0.1001E-06 0.7261E-02        0.000     0.9053E-06 0.6369E-06 0.6623     0.3305     0.1826E+05
 3400.00      0.000     0.3691E-06  0.000      0.000     0.9704E-07 0.7038E-02        0.000     0.9059E-06 0.6407E-06 0.6624     0.3306     0.1908E+05
 3450.00      0.000     0.3586E-06  0.000      0.000     0.9408E-07 0.6825E-02        0.000     0.9064E-06 0.6444E-06 0.6625     0.3306     0.1994E+05
 3500.00      0.000     0.3484E-06  0.000      0.000     0.9125E-07 0.6621E-02        0.000     0.9069E-06 0.6481E-06 0.6627     0.3307     0.2081E+05
 3550.00      0.000     0.3387E-06  0.000      0.000     0.8854E-07 0.6426E-02        0.000     0.9074E-06 0.6516E-06 0.6628     0.3308     0.2172E+05
 3600.00      0.000     0.3294E-06  0.000      0.000     0.8595E-07 0.6239E-02        0.000     0.9078E-06 0.6551E-06 0.6629     0.3309     0.2265E+05
 3650.00      0.000     0.3205E-06  0.000      0.000     0.8347E-07 0.6060E-02        0.000     0.9083E-06 0.6584E-06 0.6630     0.3309     0.2360E+05
 3700.00      0.000     0.3119E-06  0.000      0.000     0.8109E-07 0.5888E-02        0.000     0.9087E-06 0.6617E-06 0.6631     0.3310     0.2458E+05
 3750.00      0.000     0.3036E-06  0.000      0.000     0.7881E-07 0.5724E-02        0.000     0.9090E-06 0.6649E-06 0.6632     0.3310     0.2559E+05
 3800.00      0.000     0.2957E-06  0.000      0.000     0.7662E-07 0.5566E-02        0.000     0.9094E-06 0.6680E-06 0.6633     0.3311     0.2662E+05
 3850.00      0.000     0.2881E-06  0.000      0.000     0.7453E-07 0.5415E-02        0.000     0.9097E-06 0.6710E-06 0.6634     0.3312     0.2769E+05
 3900.00      0.000     0.2808E-06  0.000      0.000     0.7251E-07 0.5269E-02        0.000     0.9100E-06 0.6739E-06 0.6635     0.3312     0.2878E+05
 3950.00      0.000     0.2738E-06  0.000      0.000     0.7058E-07 0.5129E-02        0.000     0.9103E-06 0.6768E-06 0.6636     0.3313     0.2990E+05
 4000.00      0.000     0.2670E-06  0.000      0.000     0.6871E-07 0.4995E-02        0.000     0.9106E-06 0.6796E-06 0.6637     0.3313     0.3105E+05
 4050.00      0.000     0.2604E-06  0.000      0.000     0.6693E-07 0.4865E-02        0.000     0.9108E-06 0.6823E-06 0.6638     0.3314     0.3222E+05
 4100.00      0.000     0.2541E-06  0.000      0.000     0.6520E-07 0.4741E-02        0.000     0.9111E-06 0.6849E-06 0.6639     0.3314     0.3343E+05
 4150.00      0.000     0.2481E-06  0.000      0.000     0.6355E-07 0.4621E-02        0.000     0.9113E-06 0.6875E-06 0.6639     0.3314     0.3466E+05
 4200.00      0.000     0.2422E-06  0.000      0.000     0.6195E-07 0.4505E-02        0.000     0.9115E-06 0.6900E-06 0.6640     0.3315     0.3593E+05
 4250.00      0.000     0.2366E-06  0.000      0.000     0.6041E-07 0.4394E-02        0.000     0.9117E-06 0.6925E-06 0.6641     0.3315     0.3723E+05
 4300.00      0.000     0.2311E-06  0.000      0.000     0.5893E-07 0.4287E-02        0.000     0.9119E-06 0.6949E-06 0.6642     0.3316     0.3855E+05
 4350.00      0.000     0.2258E-06  0.000      0.000     0.5750E-07 0.4183E-02        0.000     0.9121E-06 0.6972E-06 0.6642     0.3316     0.3991E+05
 4400.00      0.000     0.2207E-06  0.000      0.000     0.5612E-07 0.4083E-02        0.000     0.9123E-06 0.6995E-06 0.6643     0.3316     0.4130E+05
 4450.00      0.000     0.2158E-06  0.000      0.000     0.5479E-07 0.3987E-02        0.000     0.9125E-06 0.7017E-06 0.6643     0.3317     0.4273E+05
 4500.00      0.000     0.2111E-06  0.000      0.000     0.5351E-07 0.3894E-02        0.000     0.9126E-06 0.7039E-06 0.6644     0.3317     0.4418E+05
 4550.00      0.000     0.2064E-06  0.000      0.000     0.5227E-07 0.3804E-02        0.000     0.9128E-06 0.7060E-06 0.6645     0.3317     0.4567E+05
 4600.00      0.000     0.2020E-06  0.000      0.000     0.5107E-07 0.3717E-02        0.000     0.9129E-06 0.7081E-06 0.6645     0.3318     0.4719E+05
 4650.00      0.000     0.1977E-06  0.000      0.000     0.4991E-07 0.3633E-02        0.000     0.9130E-06 0.7101E-06 0.6646     0.3318     0.4874E+05
 4700.00      0.000     0.1935E-06  0.000      0.000     0.4879E-07 0.3552E-02        0.000     0.9132E-06 0.7121E-06 0.6646     0.3318     0.5033E+05
 4750.00      0.000     0.1895E-06  0.000      0.000     0.4771E-07 0.3473E-02        0.000     0.9133E-06 0.7140E-06 0.6647     0.3319     0.5195E+05
 4800.00      0.000     0.1855E-06  0.000      0.000     0.4666E-07 0.3397E-02        0.000     0.9134E-06 0.7159E-06 0.6647     0.3319     0.5361E+05
 4850.00      0.000     0.1817E-06  0.000      0.000     0.4564E-07 0.3323E-02        0.000     0.9135E-06 0.7177E-06 0.6648     0.3319     0.5530E+05
 4900.00      0.000     0.1781E-06  0.000      0.000     0.4466E-07 0.3252E-02        0.000     0.9136E-06 0.7195E-06 0.6648     0.3319     0.5702E+05
 4950.00      0.000     0.1745E-06  0.000      0.000     0.4371E-07 0.3183E-02        0.000     0.9137E-06 0.7213E-06 0.6649     0.3320     0.5878E+05
 5000.00      0.000     0.1710E-06  0.000      0.000     0.4279E-07 0.3116E-02        0.000     0.9138E-06 0.7230E-06 0.6649     0.3320     0.6058E+05
 5050.00      0.000     0.1676E-06  0.000      0.000     0.4189E-07 0.3051E-02        0.000     0.9139E-06 0.7247E-06 0.6649     0.3320     0.6242E+05
 5100.00      0.000     0.1644E-06  0.000      0.000     0.4102E-07 0.2988E-02        0.000     0.9139E-06 0.7263E-06 0.6650     0.3320     0.6429E+05
 5150.00      0.000     0.1612E-06  0.000      0.000     0.4018E-07 0.2927E-02        0.000     0.9140E-06 0.7279E-06 0.6650     0.3321     0.6619E+05
 5200.00      0.000     0.1581E-06  0.000      0.000     0.3937E-07 0.2868E-02        0.000     0.9141E-06 0.7295E-06 0.6651     0.3321     0.6814E+05
 5250.00      0.000     0.1551E-06  0.000      0.000     0.3858E-07 0.2810E-02        0.000     0.9142E-06 0.7311E-06 0.6651     0.3321     0.7012E+05
 5300.00      0.000     0.1522E-06  0.000      0.000     0.3781E-07 0.2755E-02        0.000     0.9142E-06 0.7326E-06 0.6651     0.3321     0.7214E+05
 5350.00      0.000     0.1494E-06  0.000      0.000     0.3706E-07 0.2700E-02        0.000     0.9143E-06 0.7340E-06 0.6652     0.3321     0.7420E+05
 5400.00      0.000     0.1466E-06  0.000      0.000     0.3634E-07 0.2648E-02        0.000     0.9144E-06 0.7355E-06 0.6652     0.3322     0.7630E+05
 5450.00      0.000     0.1440E-06  0.000      0.000     0.3563E-07 0.2597E-02        0.000     0.9144E-06 0.7369E-06 0.6652     0.3322     0.7844E+05
 5500.00      0.000     0.1414E-06  0.000      0.000     0.3495E-07 0.2547E-02        0.000     0.9145E-06 0.7383E-06 0.6653     0.3322     0.8061E+05
 5550.00      0.000     0.1388E-06  0.000      0.000     0.3429E-07 0.2499E-02        0.000     0.9145E-06 0.7396E-06 0.6653     0.3322     0.8283E+05
 5600.00      0.000     0.1364E-06  0.000      0.000     0.3364E-07 0.2452E-02        0.000     0.9146E-06 0.7410E-06 0.6653     0.3322     0.8509E+05
 5650.00      0.000     0.1340E-06  0.000      0.000     0.3301E-07 0.2406E-02        0.000     0.9146E-06 0.7423E-06 0.6653     0.3322     0.8738E+05
 5700.00      0.000     0.1316E-06  0.000      0.000     0.3240E-07 0.2361E-02        0.000     0.9146E-06 0.7435E-06 0.6654     0.3323     0.8972E+05
 5750.00      0.000     0.1294E-06  0.000      0.000     0.3181E-07 0.2318E-02        0.000     0.9147E-06 0.7448E-06 0.6654     0.3323     0.9210E+05
 5800.00      0.000     0.1271E-06  0.000      0.000     0.3123E-07 0.2276E-02        0.000     0.9147E-06 0.7460E-06 0.6654     0.3323     0.9452E+05
 5850.00      0.000     0.1250E-06  0.000      0.000     0.3066E-07 0.2235E-02        0.000     0.9148E-06 0.7472E-06 0.6655     0.3323     0.9699E+05
 5900.00      0.000     0.1229E-06  0.000      0.000     0.3011E-07 0.2195E-02        0.000     0.9148E-06 0.7484E-06 0.6655     0.3323     0.9950E+05
 5950.00      0.000     0.1208E-06  0.000      0.000     0.2958E-07 0.2156E-02        0.000     0.9148E-06 0.7495E-06 0.6655     0.3323     0.1020E+06
 6000.00      0.000     0.1188E-06  0.000      0.000     0.2906E-07 0.2118E-02        0.000     0.9149E-06 0.7507E-06 0.6655     0.3324     0.1046E+06
 6050.00      0.000     0.1169E-06  0.000      0.000     0.2855E-07 0.2082E-02        0.000     0.9149E-06 0.7518E-06 0.6656     0.3324     0.1073E+06
 6100.00      0.000     0.1150E-06  0.000      0.000     0.2806E-07 0.2046E-02        0.000     0.9149E-06 0.7528E-06 0.6656     0.3324     0.1100E+06
 6150.00      0.000     0.1131E-06  0.000      0.000     0.2758E-07 0.2011E-02        0.000     0.9149E-06 0.7539E-06 0.6656     0.3324     0.1127E+06
 6200.00      0.000     0.1113E-06  0.000      0.000     0.2711E-07 0.1976E-02        0.000     0.9150E-06 0.7550E-06 0.6656     0.3324     0.1154E+06
 6250.00      0.000     0.1095E-06  0.000      0.000     0.2665E-07 0.1943E-02        0.000     0.9150E-06 0.7560E-06 0.6656     0.3324     0.1183E+06
 6300.00      0.000     0.1078E-06  0.000      0.000     0.2620E-07 0.1911E-02        0.000     0.9150E-06 0.7570E-06 0.6657     0.3324     0.1211E+06
 6350.00      0.000     0.1061E-06  0.000      0.000     0.2577E-07 0.1879E-02        0.000     0.9150E-06 0.7580E-06 0.6657     0.3324     0.1240E+06
 6400.00      0.000     0.1044E-06  0.000      0.000     0.2534E-07 0.1848E-02        0.000     0.9151E-06 0.7590E-06 0.6657     0.3325     0.1270E+06
 6450.00      0.000     0.1028E-06  0.000      0.000     0.2493E-07 0.1818E-02        0.000     0.9151E-06 0.7599E-06 0.6657     0.3325     0.1300E+06
 6500.00      0.000     0.1013E-06  0.000      0.000     0.2452E-07 0.1788E-02        0.000     0.9151E-06 0.7608E-06 0.6657     0.3325     0.1330E+06
 6550.00      0.000     0.9971E-07  0.000      0.000     0.2413E-07 0.1759E-02        0.000     0.9151E-06 0.7618E-06 0.6658     0.3325     0.1361E+06
 6600.00      0.000     0.9821E-07  0.000      0.000     0.2374E-07 0.1731E-02        0.000     0.9151E-06 0.7627E-06 0.6658     0.3325     0.1392E+06
 6650.00      0.000     0.9674E-07  0.000      0.000     0.2337E-07 0.1704E-02        0.000     0.9151E-06 0.7635E-06 0.6658     0.3325     0.1424E+06
 6700.00      0.000     0.9530E-07  0.000      0.000     0.2300E-07 0.1677E-02        0.000     0.9151E-06 0.7644E-06 0.6658     0.3325     0.1457E+06
 6750.00      0.000     0.9390E-07  0.000      0.000     0.2264E-07 0.1651E-02        0.000     0.9152E-06 0.7653E-06 0.6658     0.3325     0.1490E+06
 6800.00      0.000     0.9252E-07  0.000      0.000     0.2229E-07 0.1625E-02        0.000     0.9152E-06 0.7661E-06 0.6658     0.3325     0.1523E+06
 6850.00      0.000     0.9118E-07  0.000      0.000     0.2194E-07 0.1600E-02        0.000     0.9152E-06 0.7669E-06 0.6659     0.3325     0.1557E+06
 6900.00      0.000     0.8986E-07  0.000      0.000     0.2161E-07 0.1576E-02        0.000     0.9152E-06 0.7677E-06 0.6659     0.3325     0.1591E+06
 6950.00      0.000     0.8858E-07  0.000      0.000     0.2128E-07 0.1552E-02        0.000     0.9152E-06 0.7685E-06 0.6659     0.3326     0.1626E+06
 7000.00      0.000     0.8732E-07  0.000      0.000     0.2096E-07 0.1529E-02        0.000     0.9152E-06 0.7693E-06 0.6659     0.3326     0.1661E+06
 7050.00      0.000     0.8608E-07  0.000      0.000     0.2064E-07 0.1506E-02        0.000     0.9152E-06 0.7701E-06 0.6659     0.3326     0.1697E+06
 7100.00      0.000     0.8487E-07  0.000      0.000     0.2034E-07 0.1483E-02        0.000     0.9152E-06 0.7708E-06 0.6659     0.3326     0.1733E+06
 7150.00      0.000     0.8369E-07  0.000      0.000     0.2004E-07 0.1462E-02        0.000     0.9152E-06 0.7716E-06 0.6659     0.3326     0.1770E+06
 7200.00      0.000     0.8253E-07  0.000      0.000     0.1974E-07 0.1440E-02        0.000     0.9152E-06 0.7723E-06 0.6660     0.3326     0.1808E+06
 7250.00      0.000     0.8140E-07  0.000      0.000     0.1946E-07 0.1419E-02        0.000     0.9152E-06 0.7730E-06 0.6660     0.3326     0.1845E+06
 7300.00      0.000     0.8029E-07  0.000      0.000     0.1917E-07 0.1399E-02        0.000     0.9153E-06 0.7737E-06 0.6660     0.3326     0.1884E+06
 7350.00      0.000     0.7920E-07  0.000      0.000     0.1890E-07 0.1379E-02        0.000     0.9153E-06 0.7744E-06 0.6660     0.3326     0.1923E+06
 7400.00      0.000     0.7814E-07  0.000      0.000     0.1863E-07 0.1359E-02        0.000     0.9153E-06 0.7751E-06 0.6660     0.3326     0.1962E+06
 7450.00      0.000     0.7709E-07  0.000      0.000     0.1837E-07 0.1340E-02        0.000     0.9153E-06 0.7758E-06 0.6660     0.3326     0.2002E+06
 7500.00      0.000     0.7607E-07  0.000      0.000     0.1811E-07 0.1321E-02        0.000     0.9153E-06 0.7765E-06 0.6660     0.3326     0.2043E+06
 7550.00      0.000     0.7506E-07  0.000      0.000     0.1785E-07 0.1302E-02        0.000     0.9153E-06 0.7771E-06 0.6660     0.3326     0.2084E+06
 7600.00      0.000     0.7408E-07  0.000      0.000     0.1761E-07 0.1284E-02        0.000     0.9153E-06 0.7777E-06 0.6661     0.3327     0.2126E+06
 7650.00      0.000     0.7312E-07  0.000      0.000     0.1736E-07 0.1267E-02        0.000     0.9153E-06 0.7784E-06 0.6661     0.3327     0.2168E+06
 7700.00      0.000     0.7217E-07  0.000      0.000     0.1713E-07 0.1249E-02        0.000     0.9153E-06 0.7790E-06 0.6661     0.3327     0.2211E+06
 7750.00      0.000     0.7124E-07  0.000      0.000     0.1689E-07 0.1232E-02        0.000     0.9153E-06 0.7796E-06 0.6661     0.3327     0.2254E+06
 7800.00      0.000     0.7033E-07  0.000      0.000     0.1666E-07 0.1216E-02        0.000     0.9153E-06 0.7802E-06 0.6661     0.3327     0.2298E+06
 7850.00      0.000     0.6944E-07  0.000      0.000     0.1644E-07 0.1199E-02        0.000     0.9153E-06 0.7808E-06 0.6661     0.3327     0.2342E+06
 7900.00      0.000     0.6856E-07  0.000      0.000     0.1622E-07 0.1183E-02        0.000     0.9153E-06 0.7814E-06 0.6661     0.3327     0.2387E+06
 7950.00      0.000     0.6770E-07  0.000      0.000     0.1600E-07 0.1168E-02        0.000     0.9153E-06 0.7820E-06 0.6661     0.3327     0.2433E+06
 8000.00      0.000     0.6686E-07  0.000      0.000     0.1579E-07 0.1152E-02        0.000     0.9153E-06 0.7825E-06 0.6661     0.3327     0.2479E+06
 8050.00      0.000     0.6603E-07  0.000      0.000     0.1559E-07 0.1137E-02        0.000     0.9153E-06 0.7831E-06 0.6662     0.3327     0.2526E+06
 8100.00      0.000     0.6522E-07  0.000      0.000     0.1538E-07 0.1122E-02        0.000     0.9153E-06 0.7836E-06 0.6662     0.3327     0.2573E+06
 8150.00      0.000     0.6442E-07  0.000      0.000     0.1518E-07 0.1108E-02        0.000     0.9153E-06 0.7842E-06 0.6662     0.3327     0.2621E+06
 8200.00      0.000     0.6364E-07  0.000      0.000     0.1499E-07 0.1094E-02        0.000     0.9153E-06 0.7847E-06 0.6662     0.3327     0.2670E+06
 8250.00      0.000     0.6287E-07  0.000      0.000     0.1480E-07 0.1080E-02        0.000     0.9153E-06 0.7852E-06 0.6662     0.3327     0.2719E+06
 8300.00      0.000     0.6212E-07  0.000      0.000     0.1461E-07 0.1066E-02        0.000     0.9153E-06 0.7857E-06 0.6662     0.3327     0.2769E+06
 8350.00      0.000     0.6138E-07  0.000      0.000     0.1442E-07 0.1052E-02        0.000     0.9153E-06 0.7863E-06 0.6662     0.3327     0.2819E+06
 8400.00      0.000     0.6065E-07  0.000      0.000     0.1424E-07 0.1039E-02        0.000     0.9153E-06 0.7868E-06 0.6662     0.3327     0.2870E+06
 8450.00      0.000     0.5993E-07  0.000      0.000     0.1406E-07 0.1026E-02        0.000     0.9153E-06 0.7872E-06 0.6662     0.3328     0.2921E+06
 8500.00      0.000     0.5923E-07  0.000      0.000     0.1389E-07 0.1014E-02        0.000     0.9153E-06 0.7877E-06 0.6662     0.3328     0.2974E+06
 8550.00      0.000     0.5854E-07  0.000      0.000     0.1372E-07 0.1001E-02        0.000     0.9153E-06 0.7882E-06 0.6662     0.3328     0.3026E+06
 8600.00      0.000     0.5786E-07  0.000      0.000     0.1355E-07 0.9888E-03        0.000     0.9153E-06 0.7887E-06 0.6662     0.3328     0.3080E+06
 8650.00      0.000     0.5719E-07  0.000      0.000     0.1339E-07 0.9767E-03        0.000     0.9153E-06 0.7892E-06 0.6663     0.3328     0.3134E+06
 8700.00      0.000     0.5654E-07  0.000      0.000     0.1322E-07 0.9649E-03        0.000     0.9153E-06 0.7896E-06 0.6663     0.3328     0.3188E+06
 8750.00      0.000     0.5590E-07  0.000      0.000     0.1306E-07 0.9533E-03        0.000     0.9153E-06 0.7901E-06 0.6663     0.3328     0.3244E+06
 8800.00      0.000     0.5526E-07  0.000      0.000     0.1291E-07 0.9418E-03        0.000     0.9153E-06 0.7905E-06 0.6663     0.3328     0.3300E+06
 8850.00      0.000     0.5464E-07  0.000      0.000     0.1275E-07 0.9306E-03        0.000     0.9153E-06 0.7910E-06 0.6663     0.3328     0.3356E+06
 8900.00      0.000     0.5403E-07  0.000      0.000     0.1260E-07 0.9196E-03        0.000     0.9153E-06 0.7914E-06 0.6663     0.3328     0.3413E+06
 8950.00      0.000     0.5343E-07  0.000      0.000     0.1245E-07 0.9088E-03        0.000     0.9153E-06 0.7918E-06 0.6663     0.3328     0.3471E+06
 9000.00      0.000     0.5283E-07  0.000      0.000     0.1231E-07 0.8981E-03        0.000     0.9153E-06 0.7922E-06 0.6663     0.3328     0.3530E+06
 9050.00      0.000     0.5225E-07  0.000      0.000     0.1216E-07 0.8876E-03        0.000     0.9153E-06 0.7927E-06 0.6663     0.3328     0.3589E+06
 9100.00      0.000     0.5168E-07  0.000      0.000     0.1202E-07 0.8774E-03        0.000     0.9153E-06 0.7931E-06 0.6663     0.3328     0.3649E+06
 9150.00      0.000     0.5112E-07  0.000      0.000     0.1188E-07 0.8672E-03        0.000     0.9153E-06 0.7935E-06 0.6663     0.3328     0.3709E+06
 9200.00      0.000     0.5056E-07  0.000      0.000     0.1175E-07 0.8573E-03        0.000     0.9152E-06 0.7939E-06 0.6663     0.3328     0.3770E+06
 9250.00      0.000     0.5002E-07  0.000      0.000     0.1161E-07 0.8475E-03        0.000     0.9152E-06 0.7943E-06 0.6663     0.3328     0.3832E+06
 9300.00      0.000     0.4948E-07  0.000      0.000     0.1148E-07 0.8379E-03        0.000     0.9152E-06 0.7947E-06 0.6663     0.3328     0.3894E+06
 9350.00      0.000     0.4895E-07  0.000      0.000     0.1135E-07 0.8285E-03        0.000     0.9152E-06 0.7950E-06 0.6663     0.3328     0.3957E+06
 9400.00      0.000     0.4844E-07  0.000      0.000     0.1122E-07 0.8192E-03        0.000     0.9152E-06 0.7954E-06 0.6664     0.3328     0.4021E+06
 9450.00      0.000     0.4792E-07  0.000      0.000     0.1110E-07 0.8100E-03        0.000     0.9152E-06 0.7958E-06 0.6664     0.3328     0.4086E+06
 9500.00      0.000     0.4742E-07  0.000      0.000     0.1098E-07 0.8010E-03        0.000     0.9152E-06 0.7962E-06 0.6664     0.3328     0.4151E+06
 9550.00      0.000     0.4693E-07  0.000      0.000     0.1085E-07 0.7922E-03        0.000     0.9152E-06 0.7965E-06 0.6664     0.3328     0.4217E+06
 9600.00      0.000     0.4644E-07  0.000      0.000     0.1074E-07 0.7835E-03        0.000     0.9152E-06 0.7969E-06 0.6664     0.3328     0.4283E+06
 9650.00      0.000     0.4596E-07  0.000      0.000     0.1062E-07 0.7749E-03        0.000     0.9152E-06 0.7972E-06 0.6664     0.3328     0.4351E+06
 9700.00      0.000     0.4549E-07  0.000      0.000     0.1050E-07 0.7665E-03        0.000     0.9152E-06 0.7976E-06 0.6664     0.3328     0.4419E+06
 9750.00      0.000     0.4502E-07  0.000      0.000     0.1039E-07 0.7582E-03        0.000     0.9152E-06 0.7979E-06 0.6664     0.3328     0.4487E+06
 9800.00      0.000     0.4456E-07  0.000      0.000     0.1028E-07 0.7501E-03        0.000     0.9152E-06 0.7983E-06 0.6664     0.3329     0.4557E+06
 9850.00      0.000     0.4411E-07  0.000      0.000     0.1017E-07 0.7420E-03        0.000     0.9152E-06 0.7986E-06 0.6664     0.3329     0.4627E+06
 9900.00      0.000     0.4367E-07  0.000      0.000     0.1006E-07 0.7341E-03        0.000     0.9152E-06 0.7990E-06 0.6664     0.3329     0.4698E+06
 9950.00      0.000     0.4323E-07  0.000      0.000     0.9952E-08 0.7263E-03        0.000     0.9152E-06 0.7993E-06 0.6664     0.3329     0.4769E+06
 10000.0      0.000     0.4280E-07  0.000      0.000     0.9847E-08 0.7187E-03        0.000     0.9152E-06 0.7996E-06 0.6664     0.3329     0.4841E+06
 10050.0      0.000     0.4237E-07  0.000      0.000     0.9744E-08 0.7111E-03        0.000     0.9152E-06 0.7999E-06 0.6664     0.3329     0.4914E+06
 10100.0      0.000     0.4196E-07  0.000      0.000     0.9642E-08 0.7037E-03	      0.000     0.9152E-06 0.8002E-06 0.6664     0.3329     0.4988E+06
 10150.0      0.000     0.4154E-07  0.000      0.000     0.9542E-08 0.6964E-03	      0.000     0.9152E-06 0.8006E-06 0.6664     0.3329     0.5062E+06
 10200.0      0.000     0.4114E-07  0.000      0.000     0.9443E-08 0.6892E-03	      0.000     0.9152E-06 0.8009E-06 0.6664     0.3329     0.5138E+06
 10250.0      0.000     0.4074E-07  0.000      0.000     0.9346E-08 0.6821E-03	      0.000     0.9152E-06 0.8012E-06 0.6664     0.3329     0.5213E+06
 10300.0      0.000     0.4034E-07  0.000      0.000     0.9250E-08 0.6751E-03	      0.000     0.9152E-06 0.8015E-06 0.6664     0.3329     0.5290E+06
 10350.0      0.000     0.3995E-07  0.000      0.000     0.9156E-08 0.6683E-03	      0.000     0.9152E-06 0.8018E-06 0.6664     0.3329     0.5368E+06
 10400.0      0.000     0.3957E-07  0.000      0.000     0.9063E-08 0.6615E-03	      0.000     0.9152E-06 0.8021E-06 0.6665     0.3329     0.5446E+06
 10450.0      0.000     0.3919E-07  0.000      0.000     0.8972E-08 0.6548E-03	      0.000     0.9152E-06 0.8024E-06 0.6665     0.3329     0.5525E+06
 10500.0      0.000     0.3882E-07  0.000      0.000     0.8881E-08 0.6482E-03	      0.000     0.9152E-06 0.8026E-06 0.6665     0.3329     0.5604E+06
 10550.0      0.000     0.3845E-07  0.000      0.000     0.8793E-08 0.6418E-03	      0.000     0.9152E-06 0.8029E-06 0.6665     0.3329     0.5685E+06
 10600.0      0.000     0.3809E-07  0.000      0.000     0.8705E-08 0.6354E-03	      0.000     0.9151E-06 0.8032E-06 0.6665     0.3329     0.5766E+06
 10650.0      0.000     0.3774E-07  0.000      0.000     0.8619E-08 0.6291E-03	      0.000     0.9151E-06 0.8035E-06 0.6665     0.3329     0.5848E+06
 10700.0      0.000     0.3738E-07  0.000      0.000     0.8534E-08 0.6229E-03	      0.000     0.9151E-06 0.8038E-06 0.6665     0.3329     0.5931E+06
 10750.0      0.000     0.3704E-07  0.000      0.000     0.8450E-08 0.6168E-03	      0.000     0.9151E-06 0.8040E-06 0.6665     0.3329     0.6014E+06
 10800.0      0.000     0.3670E-07  0.000      0.000     0.8368E-08 0.6107E-03	      0.000     0.9151E-06 0.8043E-06 0.6665     0.3329     0.6098E+06
 10850.0      0.000     0.3636E-07  0.000      0.000     0.8286E-08 0.6048E-03	      0.000     0.9151E-06 0.8046E-06 0.6665     0.3329     0.6183E+06
 10900.0      0.000     0.3603E-07  0.000      0.000     0.8206E-08 0.5990E-03	      0.000     0.9151E-06 0.8048E-06 0.6665     0.3329     0.6269E+06
 10950.0      0.000     0.3570E-07  0.000      0.000     0.8127E-08 0.5932E-03	      0.000     0.9151E-06 0.8051E-06 0.6665     0.3329     0.6356E+06
 11000.0      0.000     0.3537E-07  0.000      0.000     0.8049E-08 0.5875E-03	      0.000     0.9151E-06 0.8053E-06 0.6665     0.3329     0.6443E+06
 11050.0      0.000     0.3505E-07  0.000      0.000     0.7972E-08 0.5819E-03	      0.000     0.9151E-06 0.8056E-06 0.6665     0.3329     0.6532E+06
 11100.0      0.000     0.3474E-07  0.000      0.000     0.7897E-08 0.5764E-03	      0.000     0.9151E-06 0.8058E-06 0.6665     0.3329     0.6621E+06
 11150.0      0.000     0.3443E-07  0.000      0.000     0.7822E-08 0.5709E-03	      0.000     0.9151E-06 0.8061E-06 0.6665     0.3329     0.6711E+06
 11200.0      0.000     0.3412E-07  0.000      0.000     0.7748E-08 0.5655E-03	      0.000     0.9151E-06 0.8063E-06 0.6665     0.3329     0.6801E+06
 11250.0      0.000     0.3382E-07  0.000      0.000     0.7676E-08 0.5602E-03	      0.000     0.9151E-06 0.8066E-06 0.6665     0.3329     0.6893E+06
 11300.0      0.000     0.3352E-07  0.000      0.000     0.7604E-08 0.5550E-03	      0.000     0.9151E-06 0.8068E-06 0.6665     0.3329     0.6985E+06
 11350.0      0.000     0.3323E-07  0.000      0.000     0.7533E-08 0.5499E-03	      0.000     0.9151E-06 0.8070E-06 0.6665     0.3329     0.7078E+06
 11400.0      0.000     0.3294E-07  0.000      0.000     0.7464E-08 0.5448E-03	      0.000     0.9151E-06 0.8073E-06 0.6665     0.3329     0.7172E+06
 11450.0      0.000     0.3265E-07  0.000      0.000     0.7395E-08 0.5398E-03	      0.000     0.9151E-06 0.8075E-06 0.6665     0.3329     0.7267E+06
 11500.0      0.000     0.3236E-07  0.000      0.000     0.7327E-08 0.5348E-03	      0.000     0.9151E-06 0.8077E-06 0.6665     0.3329     0.7362E+06
 11550.0      0.000     0.3209E-07  0.000      0.000     0.7260E-08 0.5299E-03	      0.000     0.9151E-06 0.8080E-06 0.6665     0.3329     0.7459E+06
 11600.0      0.000     0.3181E-07  0.000      0.000     0.7194E-08 0.5251E-03	      0.000     0.9151E-06 0.8082E-06 0.6665     0.3329     0.7556E+06
 11650.0      0.000     0.3154E-07  0.000      0.000     0.7129E-08 0.5204E-03	      0.000     0.9151E-06 0.8084E-06 0.6665     0.3329     0.7654E+06
 11700.0      0.000     0.3127E-07  0.000      0.000     0.7065E-08 0.5157E-03	      0.000     0.9151E-06 0.8086E-06 0.6665     0.3329     0.7753E+06
 11750.0      0.000     0.3100E-07  0.000      0.000     0.7001E-08 0.5110E-03	      0.000     0.9151E-06 0.8088E-06 0.6665     0.3329     0.7853E+06
 11800.0      0.000     0.3074E-07  0.000      0.000     0.6939E-08 0.5065E-03	      0.000     0.9151E-06 0.8091E-06 0.6665     0.3329     0.7954E+06
 11850.0      0.000     0.3048E-07  0.000      0.000     0.6877E-08 0.5020E-03	      0.000     0.9151E-06 0.8093E-06 0.6666     0.3329     0.8055E+06
 11900.0      0.000     0.3023E-07  0.000      0.000     0.6816E-08 0.4975E-03	      0.000     0.9150E-06 0.8095E-06 0.6666     0.3329     0.8158E+06
 11950.0      0.000     0.2997E-07  0.000      0.000     0.6756E-08 0.4931E-03	      0.000     0.9150E-06 0.8097E-06 0.6666     0.3329     0.8261E+06
 12000.0      0.000     0.2972E-07  0.000      0.000     0.6697E-08 0.4888E-03	      0.000     0.9150E-06 0.8099E-06 0.6666     0.3329     0.8365E+06
 12050.0      0.000     0.2948E-07  0.000      0.000     0.6638E-08 0.4845E-03	      0.000     0.9150E-06 0.8101E-06 0.6666     0.3330     0.8470E+06
 12100.0      0.000     0.2924E-07  0.000      0.000     0.6580E-08 0.4803E-03	      0.000     0.9150E-06 0.8103E-06 0.6666     0.3330     0.8576E+06
 12150.0      0.000     0.2900E-07  0.000      0.000     0.6523E-08 0.4761E-03	      0.000     0.9150E-06 0.8105E-06 0.6666     0.3330     0.8683E+06
 12200.0      0.000     0.2876E-07  0.000      0.000     0.6467E-08 0.4720E-03	      0.000     0.9150E-06 0.8107E-06 0.6666     0.3330     0.8790E+06
 12250.0      0.000     0.2852E-07  0.000      0.000     0.6411E-08 0.4680E-03	      0.000     0.9150E-06 0.8109E-06 0.6666     0.3330     0.8899E+06
 12300.0      0.000     0.2829E-07  0.000      0.000     0.6356E-08 0.4640E-03	      0.000     0.9150E-06 0.8111E-06 0.6666     0.3330     0.9008E+06
 12350.0      0.000     0.2806E-07  0.000      0.000     0.6302E-08 0.4600E-03	      0.000     0.9150E-06 0.8113E-06 0.6666     0.3330     0.9118E+06
 12400.0      0.000     0.2784E-07  0.000      0.000     0.6248E-08 0.4561E-03	      0.000     0.9150E-06 0.8115E-06 0.6666     0.3330     0.9230E+06
 12450.0      0.000     0.2762E-07  0.000      0.000     0.6195E-08 0.4522E-03	      0.000     0.9150E-06 0.8116E-06 0.6666     0.3330     0.9342E+06
 12500.0      0.000     0.2739E-07  0.000      0.000     0.6143E-08 0.4484E-03	      0.000     0.9150E-06 0.8118E-06 0.6666     0.3330     0.9455E+06
 12550.0      0.000     0.2718E-07  0.000      0.000     0.6091E-08 0.4446E-03	      0.000     0.9150E-06 0.8120E-06 0.6666     0.3330     0.9569E+06
 12600.0      0.000     0.2696E-07  0.000      0.000     0.6040E-08 0.4409E-03	      0.000     0.9150E-06 0.8122E-06 0.6666     0.3330     0.9683E+06
 12650.0      0.000     0.2675E-07  0.000      0.000     0.5990E-08 0.4372E-03	      0.000     0.9150E-06 0.8124E-06 0.6666     0.3330     0.9799E+06
 12700.0      0.000     0.2654E-07  0.000      0.000     0.5940E-08 0.4336E-03	      0.000     0.9150E-06 0.8125E-06 0.6666     0.3330     0.9916E+06
 12750.0      0.000     0.2633E-07  0.000      0.000     0.5891E-08 0.4300E-03	      0.000     0.9150E-06 0.8127E-06 0.6666     0.3330     0.1003E+07
 12800.0      0.000     0.2613E-07  0.000      0.000     0.5843E-08 0.4265E-03	      0.000     0.9150E-06 0.8129E-06 0.6666     0.3330     0.1015E+07
 12850.0      0.000     0.2592E-07  0.000      0.000     0.5795E-08 0.4230E-03	      0.000     0.9150E-06 0.8131E-06 0.6666     0.3330     0.1027E+07
 12900.0      0.000     0.2572E-07  0.000      0.000     0.5747E-08 0.4195E-03	      0.000     0.9150E-06 0.8132E-06 0.6666     0.3330     0.1039E+07
 12950.0      0.000     0.2552E-07  0.000      0.000     0.5701E-08 0.4161E-03	      0.000     0.9150E-06 0.8134E-06 0.6666     0.3330     0.1051E+07
 13000.0      0.000     0.2533E-07  0.000      0.000     0.5654E-08 0.4127E-03	      0.000     0.9150E-06 0.8136E-06 0.6666     0.3330     0.1064E+07
 13050.0      0.000     0.2513E-07  0.000      0.000     0.5609E-08 0.4094E-03	      0.000     0.9150E-06 0.8137E-06 0.6666     0.3330     0.1076E+07
 13100.0      0.000     0.2494E-07  0.000      0.000     0.5564E-08 0.4061E-03	      0.000     0.9150E-06 0.8139E-06 0.6666     0.3330     0.1088E+07
 13150.0      0.000     0.2475E-07  0.000      0.000     0.5519E-08 0.4029E-03	      0.000     0.9150E-06 0.8141E-06 0.6666     0.3330     0.1101E+07
 13200.0      0.000     0.2457E-07  0.000      0.000     0.5475E-08 0.3996E-03	      0.000     0.9150E-06 0.8142E-06 0.6666     0.3330     0.1113E+07
 13250.0      0.000     0.2438E-07  0.000      0.000     0.5431E-08 0.3965E-03	      0.000     0.9150E-06 0.8144E-06 0.6666     0.3330     0.1126E+07
 13300.0      0.000     0.2420E-07  0.000      0.000     0.5388E-08 0.3933E-03	      0.000     0.9150E-06 0.8145E-06 0.6666     0.3330     0.1139E+07
 13350.0      0.000     0.2402E-07  0.000      0.000     0.5346E-08 0.3902E-03	      0.000     0.9150E-06 0.8147E-06 0.6666     0.3330     0.1152E+07
 13400.0      0.000     0.2384E-07  0.000      0.000     0.5304E-08 0.3871E-03	      0.000     0.9149E-06 0.8149E-06 0.6666     0.3330     0.1165E+07
 13450.0      0.000     0.2366E-07  0.000      0.000     0.5262E-08 0.3841E-03	      0.000     0.9149E-06 0.8150E-06 0.6666     0.3330     0.1178E+07
 13500.0      0.000     0.2349E-07  0.000      0.000     0.5221E-08 0.3811E-03	      0.000     0.9149E-06 0.8152E-06 0.6666     0.3330     0.1191E+07
 13550.0      0.000     0.2331E-07  0.000      0.000     0.5180E-08 0.3781E-03	      0.000     0.9149E-06 0.8153E-06 0.6666     0.3330     0.1204E+07
 13600.0      0.000     0.2314E-07  0.000      0.000     0.5140E-08 0.3752E-03	      0.000     0.9149E-06 0.8155E-06 0.6666     0.3330     0.1218E+07
 13650.0      0.000     0.2297E-07  0.000      0.000     0.5101E-08 0.3723E-03	      0.000     0.9149E-06 0.8156E-06 0.6666     0.3330     0.1231E+07
 13700.0      0.000     0.2281E-07  0.000      0.000     0.5061E-08 0.3695E-03	      0.000     0.9149E-06 0.8158E-06 0.6666     0.3330     0.1245E+07
 13750.0      0.000     0.2264E-07  0.000      0.000     0.5022E-08 0.3666E-03	      0.000     0.9149E-06 0.8159E-06 0.6666     0.3330     0.1258E+07
 13800.0      0.000     0.2248E-07  0.000      0.000     0.4984E-08 0.3638E-03	      0.000     0.9149E-06 0.8160E-06 0.6666     0.3330     0.1272E+07
 13850.0      0.000     0.2232E-07  0.000      0.000     0.4946E-08 0.3611E-03	      0.000     0.9149E-06 0.8162E-06 0.6666     0.3330     0.1286E+07
 13900.0      0.000     0.2215E-07  0.000      0.000     0.4909E-08 0.3583E-03	      0.000     0.9149E-06 0.8163E-06 0.6666     0.3330     0.1300E+07
 13950.0      0.000     0.2200E-07  0.000      0.000     0.4872E-08 0.3556E-03	      0.000     0.9149E-06 0.8165E-06 0.6666     0.3330     0.1314E+07
 14000.0      0.000     0.2184E-07  0.000      0.000     0.4835E-08 0.3529E-03	      0.000     0.9149E-06 0.8166E-06 0.6666     0.3330     0.1328E+07
 14050.0      0.000     0.2168E-07  0.000      0.000     0.4799E-08 0.3503E-03	      0.000     0.9149E-06 0.8167E-06 0.6666     0.3330     0.1343E+07
 14100.0      0.000     0.2153E-07  0.000      0.000     0.4763E-08 0.3477E-03	      0.000     0.9149E-06 0.8169E-06 0.6667     0.3330     0.1357E+07
 14150.0      0.000     0.2138E-07  0.000      0.000     0.4727E-08 0.3451E-03	      0.000     0.9149E-06 0.8170E-06 0.6667     0.3330     0.1371E+07
