# mH (GeV) 	H → bb 	H → ττ 	H → μμ 	H → ss 	H → cc 	H → tt   H → gg 	H → γγ 	H → Zγ 	H → WW 	H → ZZ 	Total ΓH (GeV) 
# https://twiki.cern.ch/twiki/bin/view/LHCPhysics/CERNYellowReportPageBR
# arXiv:1101.0593 Table 26
# CW 2014-12-01
90.0 	8.12E-01 	8.41E-02 	2.92E-04 	6.20E-04 	3.78E-02 	0.00E+00  6.12E-02 	1.23E-03 	0.00E+00 	2.09E-03 	4.21E-04 	2.20E-03
95.0 	8.03E-01 	8.41E-02 	2.92E-04 	6.12E-04 	3.73E-02 	0.00E+00  6.74E-02 	1.40E-03 	4.52E-06 	4.72E-03 	6.72E-04 	2.32E-03
100.0 	7.91E-01 	8.36E-02 	2.90E-04 	6.03E-04 	3.67E-02 	0.00E+00  7.37E-02 	1.59E-03 	4.98E-05 	1.11E-02 	1.13E-03 	2.46E-03
105.0 	7.73E-01 	8.25E-02 	2.86E-04 	5.89E-04 	3.59E-02 	0.00E+00  7.95E-02 	1.78E-03 	1.73E-04 	2.43E-02 	2.15E-03 	2.62E-03
110.0 	7.45E-01 	8.02E-02 	2.78E-04 	5.67E-04 	3.46E-02 	0.00E+00  8.44E-02 	1.97E-03 	3.95E-04 	4.82E-02 	4.39E-03 	2.82E-03
110.5 	7.42E-01 	7.99E-02 	2.77E-04 	5.65E-04 	3.44E-02 	0.00E+00  8.48E-02 	1.99E-03 	4.22E-04 	5.13E-02 	4.71E-03 	2.84E-03
111.0 	7.38E-01 	7.96E-02 	2.76E-04 	5.62E-04 	3.42E-02 	0.00E+00  8.52E-02 	2.00E-03 	4.51E-04 	5.46E-02 	5.05E-03 	2.87E-03
111.5 	7.34E-01 	7.93E-02 	2.75E-04 	5.59E-04 	3.41E-02 	0.00E+00  8.56E-02 	2.02E-03 	4.81E-04 	5.80E-02 	5.42E-03 	2.89E-03
112.0 	7.30E-01 	7.89E-02 	2.74E-04 	5.56E-04 	3.39E-02 	0.00E+00  8.59E-02 	2.04E-03 	5.12E-04 	6.16E-02 	5.82E-03 	2.92E-03
112.5 	7.26E-01 	7.86E-02 	2.73E-04 	5.53E-04 	3.37E-02 	0.00E+00  8.62E-02 	2.05E-03 	5.44E-04 	6.54E-02 	6.23E-03 	2.95E-03
113.0 	7.22E-01 	7.82E-02 	2.71E-04 	5.50E-04 	3.35E-02 	0.00E+00  8.65E-02 	2.07E-03 	5.76E-04 	6.93E-02 	6.68E-03 	2.97E-03
113.5 	7.18E-01 	7.78E-02 	2.70E-04 	5.47E-04 	3.33E-02 	0.00E+00  8.68E-02 	2.09E-03 	6.10E-04 	7.34E-02 	7.15E-03 	3.00E-03
114.0 	7.14E-01 	7.74E-02 	2.69E-04 	5.43E-04 	3.31E-02 	0.00E+00  8.71E-02 	2.10E-03 	6.44E-04 	7.76E-02 	7.64E-03 	3.03E-03
114.5 	7.09E-01 	7.69E-02 	2.67E-04 	5.40E-04 	3.29E-02 	0.00E+00  8.73E-02 	2.12E-03 	6.80E-04 	8.21E-02 	8.17E-03 	3.06E-03
115.0 	7.04E-01 	7.65E-02 	2.66E-04 	5.36E-04 	3.27E-02 	0.00E+00  8.75E-02 	2.13E-03 	7.16E-04 	8.67E-02 	8.72E-03 	3.09E-03
115.5 	6.99E-01 	7.60E-02 	2.64E-04 	5.32E-04 	3.24E-02 	0.00E+00  8.77E-02 	2.15E-03 	7.53E-04 	9.14E-02 	9.31E-03 	3.13E-03
116.0 	6.94E-01 	7.55E-02 	2.62E-04 	5.29E-04 	3.22E-02 	0.00E+00  8.79E-02 	2.16E-03 	7.91E-04 	9.64E-02 	9.92E-03 	3.16E-03
116.5 	6.89E-01 	7.50E-02 	2.60E-04 	5.25E-04 	3.20E-02 	0.00E+00  8.80E-02 	2.17E-03 	8.29E-04 	1.02E-01 	1.06E-02 	3.19E-03
117.0 	6.84E-01 	7.45E-02 	2.59E-04 	5.21E-04 	3.17E-02 	0.00E+00  8.81E-02 	2.18E-03 	8.68E-04 	1.07E-01 	1.12E-02 	3.23E-03
117.5 	6.78E-01 	7.40E-02 	2.57E-04 	5.16E-04 	3.15E-02 	0.00E+00  8.82E-02 	2.20E-03 	9.08E-04 	1.12E-01 	1.20E-02 	3.27E-03
118.0 	6.73E-01 	7.34E-02 	2.55E-04 	5.12E-04 	3.12E-02 	0.00E+00  8.82E-02 	2.21E-03 	9.49E-04 	1.18E-01 	1.27E-02 	3.31E-03
118.5 	6.67E-01 	7.28E-02 	2.53E-04 	5.08E-04 	3.09E-02 	0.00E+00  8.83E-02 	2.22E-03 	9.90E-04 	1.24E-01 	1.35E-02 	3.35E-03
119.0 	6.61E-01 	7.22E-02 	2.51E-04 	5.03E-04 	3.06E-02 	0.00E+00  8.82E-02 	2.23E-03 	1.03E-03 	1.30E-01 	1.43E-02 	3.39E-03
119.5 	6.55E-01 	7.16E-02 	2.49E-04 	4.98E-04 	3.04E-02 	0.00E+00  8.82E-02 	2.24E-03 	1.07E-03 	1.36E-01 	1.51E-02 	3.43E-03
120.0 	6.48E-01 	7.10E-02 	2.46E-04 	4.93E-04 	3.01E-02 	0.00E+00  8.81E-02 	2.25E-03 	1.12E-03 	1.43E-01 	1.60E-02 	3.48E-03
120.5 	6.42E-01 	7.03E-02 	2.44E-04 	4.88E-04 	2.98E-02 	0.00E+00  8.80E-02 	2.26E-03 	1.16E-03 	1.49E-01 	1.69E-02 	3.52E-03
121.0 	6.35E-01 	6.97E-02 	2.42E-04 	4.83E-04 	2.94E-02 	0.00E+00  8.79E-02 	2.26E-03 	1.20E-03 	1.56E-01 	1.79E-02 	3.57E-03
121.5 	6.28E-01 	6.90E-02 	2.39E-04 	4.78E-04 	2.91E-02 	0.00E+00  8.77E-02 	2.27E-03 	1.25E-03 	1.63E-01 	1.88E-02 	3.62E-03
122.0 	6.21E-01 	6.83E-02 	2.37E-04 	4.73E-04 	2.88E-02 	0.00E+00  8.75E-02 	2.28E-03 	1.29E-03 	1.70E-01 	1.99E-02 	3.68E-03
122.5 	6.14E-01 	6.75E-02 	2.34E-04 	4.68E-04 	2.85E-02 	0.00E+00  8.72E-02 	2.28E-03 	1.33E-03 	1.77E-01 	2.09E-02 	3.73E-03
123.0 	6.07E-01 	6.68E-02 	2.32E-04 	4.62E-04 	2.81E-02 	0.00E+00  8.69E-02 	2.28E-03 	1.38E-03 	1.85E-01 	2.20E-02 	3.79E-03
123.5 	6.00E-01 	6.60E-02 	2.29E-04 	4.56E-04 	2.78E-02 	0.00E+00  8.66E-02 	2.29E-03 	1.42E-03 	1.92E-01 	2.31E-02 	3.85E-03
124.0 	5.92E-01 	6.53E-02 	2.27E-04 	4.51E-04 	2.75E-02 	0.00E+00  8.63E-02 	2.29E-03 	1.46E-03 	2.00E-01 	2.42E-02 	3.91E-03
124.5 	5.85E-01 	6.45E-02 	2.24E-04 	4.45E-04 	2.71E-02 	0.00E+00  8.59E-02 	2.29E-03 	1.51E-03 	2.08E-01 	2.54E-02 	3.97E-03
125.0 	5.77E-01 	6.37E-02 	2.21E-04 	4.39E-04 	2.67E-02 	0.00E+00  8.55E-02 	2.29E-03 	1.55E-03 	2.16E-01 	2.66E-02 	4.04E-03
125.5 	5.69E-01 	6.28E-02 	2.18E-04 	4.33E-04 	2.64E-02 	0.00E+00  8.50E-02 	2.29E-03 	1.59E-03 	2.24E-01 	2.79E-02 	4.11E-03
126.0 	5.61E-01 	6.20E-02 	2.15E-04 	4.27E-04 	2.60E-02 	0.00E+00  8.45E-02 	2.29E-03 	1.64E-03 	2.33E-01 	2.91E-02 	4.18E-03
126.5 	5.53E-01 	6.12E-02 	2.12E-04 	4.21E-04 	2.56E-02 	0.00E+00  8.40E-02 	2.29E-03 	1.68E-03 	2.41E-01 	3.04E-02 	4.25E-03
127.0 	5.45E-01 	6.03E-02 	2.09E-04 	4.14E-04 	2.52E-02 	0.00E+00  8.35E-02 	2.29E-03 	1.72E-03 	2.50E-01 	3.17E-02 	4.33E-03
127.5 	5.36E-01 	5.94E-02 	2.06E-04 	4.08E-04 	2.49E-02 	0.00E+00  8.29E-02 	2.29E-03 	1.76E-03 	2.59E-01 	3.31E-02 	4.41E-03
128.0 	5.28E-01 	5.85E-02 	2.03E-04 	4.02E-04 	2.45E-02 	0.00E+00  8.23E-02 	2.28E-03 	1.80E-03 	2.68E-01 	3.44E-02 	4.50E-03
128.5 	5.19E-01 	5.76E-02 	2.00E-04 	3.95E-04 	2.41E-02 	0.00E+00  8.16E-02 	2.28E-03 	1.84E-03 	2.77E-01 	3.58E-02 	4.59E-03
129.0 	5.11E-01 	5.67E-02 	1.97E-04 	3.89E-04 	2.37E-02 	0.00E+00  8.09E-02 	2.27E-03 	1.88E-03 	2.86E-01 	3.72E-02 	4.68E-03
129.5 	5.02E-01 	5.58E-02 	1.94E-04 	3.82E-04 	2.33E-02 	0.00E+00  8.02E-02 	2.27E-03 	1.92E-03 	2.95E-01 	3.87E-02 	4.77E-03
130.0 	4.93E-01 	5.48E-02 	1.90E-04 	3.75E-04 	2.29E-02 	0.00E+00  7.95E-02 	2.26E-03 	1.96E-03 	3.05E-01 	4.01E-02 	4.88E-03
130.5 	4.84E-01 	5.39E-02 	1.87E-04 	3.69E-04 	2.25E-02 	0.00E+00  7.87E-02 	2.25E-03 	2.00E-03 	3.14E-01 	4.16E-02 	4.98E-03
131.0 	4.76E-01 	5.29E-02 	1.84E-04 	3.62E-04 	2.20E-02 	0.00E+00  7.79E-02 	2.24E-03 	2.03E-03 	3.24E-01 	4.30E-02 	5.09E-03
131.5 	4.67E-01 	5.20E-02 	1.80E-04 	3.55E-04 	2.16E-02 	0.00E+00  7.70E-02 	2.23E-03 	2.07E-03 	3.33E-01 	4.45E-02 	5.20E-03
132.0 	4.58E-01 	5.10E-02 	1.77E-04 	3.48E-04 	2.12E-02 	0.00E+00  7.62E-02 	2.22E-03 	2.10E-03 	3.43E-01 	4.60E-02 	5.32E-03
132.5 	4.49E-01 	5.01E-02 	1.74E-04 	3.41E-04 	2.08E-02 	0.00E+00  7.53E-02 	2.21E-03 	2.13E-03 	3.53E-01 	4.75E-02 	5.44E-03
133.0 	4.40E-01 	4.91E-02 	1.70E-04 	3.34E-04 	2.04E-02 	0.00E+00  7.44E-02 	2.19E-03 	2.17E-03 	3.63E-01 	4.90E-02 	5.57E-03
133.5 	4.31E-01 	4.81E-02 	1.67E-04 	3.28E-04 	1.99E-02 	0.00E+00  7.34E-02 	2.18E-03 	2.20E-03 	3.73E-01 	5.05E-02 	5.71E-03
134.0 	4.21E-01 	4.71E-02 	1.63E-04 	3.21E-04 	1.95E-02 	0.00E+00  7.25E-02 	2.17E-03 	2.23E-03 	3.83E-01 	5.20E-02 	5.85E-03
134.5 	4.12E-01 	4.61E-02 	1.60E-04 	3.14E-04 	1.91E-02 	0.00E+00  7.15E-02 	2.15E-03 	2.25E-03 	3.92E-01 	5.35E-02 	5.99E-03
135.0 	4.03E-01 	4.52E-02 	1.57E-04 	3.07E-04 	1.87E-02 	0.00E+00  7.05E-02 	2.13E-03 	2.28E-03 	4.03E-01 	5.50E-02 	6.15E-03
135.5 	3.94E-01 	4.42E-02 	1.53E-04 	3.00E-04 	1.83E-02 	0.00E+00  6.94E-02 	2.12E-03 	2.31E-03 	4.13E-01 	5.65E-02 	6.31E-03
136.0 	3.85E-01 	4.32E-02 	1.50E-04 	2.93E-04 	1.78E-02 	0.00E+00  6.84E-02 	2.10E-03 	2.33E-03 	4.23E-01 	5.80E-02 	6.48E-03
136.5 	3.76E-01 	4.22E-02 	1.46E-04 	2.86E-04 	1.74E-02 	0.00E+00  6.73E-02 	2.08E-03 	2.35E-03 	4.33E-01 	5.94E-02 	6.65E-03
137.0 	3.67E-01 	4.12E-02 	1.43E-04 	2.79E-04 	1.70E-02 	0.00E+00  6.62E-02 	2.06E-03 	2.37E-03 	4.43E-01 	6.09E-02 	6.84E-03
137.5 	3.58E-01 	4.02E-02 	1.40E-04 	2.72E-04 	1.66E-02 	0.00E+00  6.51E-02 	2.04E-03 	2.39E-03 	4.53E-01 	6.23E-02 	7.03E-03
138.0 	3.49E-01 	3.93E-02 	1.36E-04 	2.66E-04 	1.62E-02 	0.00E+00  6.39E-02 	2.02E-03 	2.41E-03 	4.63E-01 	6.37E-02 	7.23E-03
138.5 	3.40E-01 	3.83E-02 	1.33E-04 	2.59E-04 	1.58E-02 	0.00E+00  6.28E-02 	2.00E-03 	2.43E-03 	4.73E-01 	6.51E-02 	7.44E-03
139.0 	3.31E-01 	3.73E-02 	1.29E-04 	2.52E-04 	1.54E-02 	0.00E+00  6.16E-02 	1.98E-03 	2.44E-03 	4.83E-01 	6.64E-02 	7.66E-03
139.5 	3.22E-01 	3.63E-02 	1.26E-04 	2.45E-04 	1.49E-02 	0.00E+00  6.05E-02 	1.96E-03 	2.45E-03 	4.93E-01 	6.77E-02 	7.89E-03
140.0 	3.14E-01 	3.54E-02 	1.23E-04 	2.39E-04 	1.45E-02 	0.00E+00  5.93E-02 	1.93E-03 	2.46E-03 	5.03E-01 	6.90E-02 	8.14E-03
141.0 	2.96E-01 	3.35E-02 	1.16E-04 	2.26E-04 	1.37E-02 	0.00E+00  5.69E-02 	1.89E-03 	2.48E-03 	5.23E-01 	7.15E-02 	8.66E-03
142.0 	2.79E-01 	3.16E-02 	1.10E-04 	2.13E-04 	1.29E-02 	0.00E+00  5.44E-02 	1.84E-03 	2.49E-03 	5.43E-01 	7.38E-02 	9.24E-03
143.0 	2.63E-01 	2.97E-02 	1.03E-04 	2.00E-04 	1.22E-02 	0.00E+00  5.20E-02 	1.78E-03 	2.50E-03 	5.63E-01 	7.59E-02 	9.89E-03
144.0 	2.46E-01 	2.79E-02 	9.69E-05 	1.87E-04 	1.14E-02 	0.00E+00  4.95E-02 	1.73E-03 	2.49E-03 	5.83E-01 	7.78E-02 	1.06E-02
145.0 	2.30E-01 	2.61E-02 	9.07E-05 	1.75E-04 	1.07E-02 	0.00E+00  4.69E-02 	1.67E-03 	2.48E-03 	6.02E-01 	7.94E-02 	1.14E-02
146.0 	2.15E-01 	2.44E-02 	8.47E-05 	1.63E-04 	9.95E-03 	0.00E+00  4.44E-02 	1.62E-03 	2.46E-03 	6.21E-01 	8.08E-02 	1.23E-02
147.0 	2.00E-01 	2.27E-02 	7.88E-05 	1.52E-04 	9.24E-03 	0.00E+00  4.19E-02 	1.56E-03 	2.44E-03 	6.40E-01 	8.18E-02 	1.33E-02
148.0 	1.85E-01 	2.11E-02 	7.30E-05 	1.41E-04 	8.56E-03 	0.00E+00  3.94E-02 	1.49E-03 	2.40E-03 	6.60E-01 	8.25E-02 	1.45E-02
149.0 	1.70E-01 	1.94E-02 	6.74E-05 	1.29E-04 	7.89E-03 	0.00E+00  3.68E-02 	1.43E-03 	2.36E-03 	6.79E-01 	8.28E-02 	1.58E-02
150.0 	1.56E-01 	1.78E-02 	6.19E-05 	1.19E-04 	7.24E-03 	0.00E+00  3.43E-02 	1.36E-03 	2.31E-03 	6.98E-01 	8.27E-02 	1.73E-02
